#name zcmb zhel dz mb dmb x1 dx1 color dcolor 3rdvar d3rdvar cov_m_s cov_m_c cov_s_c set ra dec biascor
name0 0.013 0.013 0.0 33.844711 0.0089 0 0 0 0 0 0 0 0 0 0 0 0
name1 0.0192 0.0192 0.0 34.701496 0.0099 0 0 0 0 0 0 0 0 0 0 0 0
name2 0.0258 0.0258 0.0 35.353629 0.0135 0 0 0 0 0 0 0 0 0 0 0 0
name3 0.0323 0.0323 0.0 35.851822 0.0208 0 0 0 0 0 0 0 0 0 0 0 0
name4 0.0397 0.0397 0.0 36.311345 0.0268 0 0 0 0 0 0 0 0 0 0 0 0
name5 0.0495 0.0495 0.0 36.805563 0.0295 0 0 0 0 0 0 0 0 0 0 0 0
name6 0.0557 0.0557 0.0 37.071283 0.0142 0 0 0 0 0 0 0 0 0 0 0 0
name7 0.0635 0.0635 0.0 37.367666 0.0133 0 0 0 0 0 0 0 0 0 0 0 0
name8 0.0718 0.0718 0.0 37.646820 0.0107 0 0 0 0 0 0 0 0 0 0 0 0
name9 0.0802 0.0802 0.0 37.899468 0.0104 0 0 0 0 0 0 0 0 0 0 0 0
name10 0.0894 0.0894 0.0 38.148689 0.0087 0 0 0 0 0 0 0 0 0 0 0 0
name11 0.0988 0.0988 0.0 38.379301 0.0071 0 0 0 0 0 0 0 0 0 0 0 0
name12 0.108 0.108 0.0 38.585686 0.0064 0 0 0 0 0 0 0 0 0 0 0 0
name13 0.1183 0.1183 0.0 38.797900 0.0058 0 0 0 0 0 0 0 0 0 0 0 0
name14 0.1291 0.1291 0.0 39.002490 0.0051 0 0 0 0 0 0 0 0 0 0 0 0
name15 0.1404 0.1404 0.0 39.200024 0.0045 0 0 0 0 0 0 0 0 0 0 0 0
name16 0.152 0.152 0.0 39.387890 0.0042 0 0 0 0 0 0 0 0 0 0 0 0
name17 0.1646 0.1646 0.0 39.577357 0.0034 0 0 0 0 0 0 0 0 0 0 0 0
name18 0.1776 0.1776 0.0 39.759181 0.0031 0 0 0 0 0 0 0 0 0 0 0 0
name19 0.1915 0.1915 0.0 39.940397 0.0029 0 0 0 0 0 0 0 0 0 0 0 0
name20 0.2061 0.2061 0.0 40.118056 0.0026 0 0 0 0 0 0 0 0 0 0 0 0
name21 0.2219 0.2219 0.0 40.297650 0.0025 0 0 0 0 0 0 0 0 0 0 0 0
name22 0.2385 0.2385 0.0 40.474036 0.0023 0 0 0 0 0 0 0 0 0 0 0 0
name23 0.2565 0.2565 0.0 40.652932 0.0021 0 0 0 0 0 0 0 0 0 0 0 0
name24 0.2759 0.2759 0.0 40.833223 0.002 0 0 0 0 0 0 0 0 0 0 0 0
name25 0.2971 0.2971 0.0 41.017348 0.0019 0 0 0 0 0 0 0 0 0 0 0 0
name26 0.3195 0.3195 0.0 41.199185 0.0018 0 0 0 0 0 0 0 0 0 0 0 0
name27 0.3447 0.3447 0.0 41.390211 0.0018 0 0 0 0 0 0 0 0 0 0 0 0
name28 0.3721 0.3721 0.0 41.583816 0.0017 0 0 0 0 0 0 0 0 0 0 0 0
name29 0.4025 0.4025 0.0 41.783775 0.0017 0 0 0 0 0 0 0 0 0 0 0 0
name30 0.4367 0.4367 0.0 41.992659 0.0018 0 0 0 0 0 0 0 0 0 0 0 0
name31 0.4754 0.4754 0.0 42.211445 0.0018 0 0 0 0 0 0 0 0 0 0 0 0
name32 0.5203 0.5203 0.0 42.445374 0.002 0 0 0 0 0 0 0 0 0 0 0 0
name33 0.572 0.572 0.0 42.692370 0.0023 0 0 0 0 0 0 0 0 0 0 0 0
name34 0.6356 0.6356 0.0 42.968843 0.0026 0 0 0 0 0 0 0 0 0 0 0 0
name35 0.712 0.712 0.0 43.268147 0.0029 0 0 0 0 0 0 0 0 0 0 0 0
name36 0.8187 0.8187 0.0 43.638281 0.0031 0 0 0 0 0 0 0 0 0 0 0 0
name37 0.9537 0.9537 0.0 44.044625 0.0033 0 0 0 0 0 0 0 0 0 0 0 0
name38 1.1162 1.1162 0.0 44.464599 0.0063 0 0 0 0 0 0 0 0 0 0 0 0
name39 1.3684 1.3684 0.0 45.008600 0.3286 0 0 0 0 0 0 0 0 0 0 0 0
