#name zcmb zhel dz mb dmb x1 dx1 color dcolor 3rdvar d3rdvar cov_m_s cov_m_c cov_s_c set ra dec biascor 
0 0.013 0.013 0.0 14.415449068254574 0.0089 0 0 0 0 0 0 0 0 0 0 0 0
1 0.0192 0.0192 0.0 15.282868846552706 0.0099 0 0 0 0 0 0 0 0 0 0 0 0
2 0.0258 0.0258 0.0 15.914637441239199 0.0135 0 0 0 0 0 0 0 0 0 0 0 0
3 0.0323 0.0323 0.0 16.422566654733554 0.0208 0 0 0 0 0 0 0 0 0 0 0 0
4 0.0397 0.0397 0.0 16.8736297736178 0.0268 0 0 0 0 0 0 0 0 0 0 0 0
5 0.0495 0.0495 0.0 17.351702177385782 0.0295 0 0 0 0 0 0 0 0 0 0 0 0
6 0.0557 0.0557 0.0 17.6532553977009 0.0142 0 0 0 0 0 0 0 0 0 0 0 0
7 0.0635 0.0635 0.0 17.950081871860913 0.0133 0 0 0 0 0 0 0 0 0 0 0 0
8 0.0718 0.0718 0.0 18.205680863085448 0.0107 0 0 0 0 0 0 0 0 0 0 0 0
9 0.0802 0.0802 0.0 18.480373906189392 0.0104 0 0 0 0 0 0 0 0 0 0 0 0
10 0.0894 0.0894 0.0 18.72404569041694 0.0087 0 0 0 0 0 0 0 0 0 0 0 0
11 0.0988 0.0988 0.0 18.94510830090867 0.0071 0 0 0 0 0 0 0 0 0 0 0 0
12 0.108 0.108 0.0 19.15064315916675 0.0064 0 0 0 0 0 0 0 0 0 0 0 0
13 0.1183 0.1183 0.0 19.374912404209642 0.0058 0 0 0 0 0 0 0 0 0 0 0 0
14 0.1291 0.1291 0.0 19.573360470495732 0.0051 0 0 0 0 0 0 0 0 0 0 0 0
15 0.1404 0.1404 0.0 19.784954507028722 0.0045 0 0 0 0 0 0 0 0 0 0 0 0
16 0.152 0.152 0.0 19.964782537138742 0.0042 0 0 0 0 0 0 0 0 0 0 0 0
17 0.1646 0.1646 0.0 20.14721582123458 0.0034 0 0 0 0 0 0 0 0 0 0 0 0
18 0.1776 0.1776 0.0 20.332007984375377 0.0031 0 0 0 0 0 0 0 0 0 0 0 0
19 0.1915 0.1915 0.0 20.517496657265692 0.0029 0 0 0 0 0 0 0 0 0 0 0 0
20 0.2061 0.2061 0.0 20.689031626436982 0.0026 0 0 0 0 0 0 0 0 0 0 0 0
21 0.2219 0.2219 0.0 20.865907534777037 0.0025 0 0 0 0 0 0 0 0 0 0 0 0
22 0.2385 0.2385 0.0 21.044078214940114 0.0023 0 0 0 0 0 0 0 0 0 0 0 0
23 0.2565 0.2565 0.0 21.22196504357639 0.0021 0 0 0 0 0 0 0 0 0 0 0 0
24 0.2759 0.2759 0.0 21.402653506891244 0.002 0 0 0 0 0 0 0 0 0 0 0 0
25 0.2971 0.2971 0.0 21.588783514971208 0.0019 0 0 0 0 0 0 0 0 0 0 0 0
26 0.3195 0.3195 0.0 21.768230116892344 0.0018 0 0 0 0 0 0 0 0 0 0 0 0
27 0.3447 0.3447 0.0 21.957477110592357 0.0018 0 0 0 0 0 0 0 0 0 0 0 0
28 0.3721 0.3721 0.0 22.15281209455889 0.0017 0 0 0 0 0 0 0 0 0 0 0 0
29 0.4025 0.4025 0.0 22.350812046587112 0.0017 0 0 0 0 0 0 0 0 0 0 0 0
30 0.4367 0.4367 0.0 22.56225082736221 0.0018 0 0 0 0 0 0 0 0 0 0 0 0
31 0.4754 0.4754 0.0 22.775206726627847 0.0018 0 0 0 0 0 0 0 0 0 0 0 0
32 0.5203 0.5203 0.0 23.01432746810115 0.002 0 0 0 0 0 0 0 0 0 0 0 0
33 0.572 0.572 0.0 23.2638351772145 0.0023 0 0 0 0 0 0 0 0 0 0 0 0
34 0.6356 0.6356 0.0 23.537457191793287 0.0026 0 0 0 0 0 0 0 0 0 0 0 0
35 0.712 0.712 0.0 23.836041210142266 0.0029 0 0 0 0 0 0 0 0 0 0 0 0
36 0.8187 0.8187 0.0 24.19793600244518 0.0031 0 0 0 0 0 0 0 0 0 0 0 0
37 0.9537 0.9537 0.0 24.605489965486676 0.0033 0 0 0 0 0 0 0 0 0 0 0 0
38 1.1162 1.1162 0.0 25.03149300191954 0.0063 0 0 0 0 0 0 0 0 0 0 0 0
39 1.3684 1.3684 0.0 25.317446315833536 0.3286 0 0 0 0 0 0 0 0 0 0 0 0
