40
0.00002020
0.00002016
0.00002020
0.00002048
0.00003050
0.00001857
0.00000363
-0.00000080
0.00000050
0.00000035
0.00000106
0.00000174
0.00000280
0.00000388
0.00000506
0.00000627
0.00000735
0.00000650
0.00000520
0.00000389
0.00000238
0.00000135
0.00000022
-0.00000091
-0.00000110
-0.00000006
0.00000102
0.00000187
0.00000264
0.00000377
0.00000451
0.00000088
-0.00000278
-0.00000341
-0.00001329
-0.00000678
0.00000519
0.00000307
-0.00005558
0.00063098
0.00002016
0.00002014
0.00002016
0.00002047
0.00003047
0.00001986
0.00000530
0.00000052
0.00000129
0.00000061
0.00000073
0.00000108
0.00000234
0.00000363
0.00000503
0.00000651
0.00000780
0.00000703
0.00000579
0.00000452
0.00000305
0.00000187
0.00000049
-0.00000089
-0.00000122
-0.00000011
0.00000103
0.00000181
0.00000243
0.00000364
0.00000457
0.00000061
-0.00000314
-0.00000367
-0.00001334
-0.00000682
0.00000697
0.00000266
-0.00005443
0.00062374
0.00002020
0.00002016
0.00002020
0.00002049
0.00003050
0.00001858
0.00000363
-0.00000079
0.00000051
0.00000036
0.00000106
0.00000175
0.00000281
0.00000388
0.00000507
0.00000628
0.00000735
0.00000651
0.00000521
0.00000390
0.00000239
0.00000136
0.00000023
-0.00000090
-0.00000109
-0.00000005
0.00000102
0.00000187
0.00000264
0.00000378
0.00000452
0.00000088
-0.00000279
-0.00000342
-0.00001330
-0.00000679
0.00000518
0.00000305
-0.00005566
0.00063095
0.00002048
0.00002047
0.00002049
0.00002083
0.00003099
0.00002026
0.00000546
0.00000060
0.00000137
0.00000066
0.00000077
0.00000112
0.00000240
0.00000370
0.00000512
0.00000662
0.00000793
0.00000716
0.00000590
0.00000461
0.00000312
0.00000192
0.00000051
-0.00000090
-0.00000123
-0.00000009
0.00000107
0.00000185
0.00000247
0.00000369
0.00000464
0.00000064
-0.00000317
-0.00000374
-0.00001357
-0.00000698
0.00000708
0.00000254
-0.00005544
0.00062964
0.00003050
0.00003047
0.00003050
0.00003099
0.00004646
0.00003136
0.00000942
0.00000203
0.00000298
0.00000177
0.00000168
0.00000200
0.00000373
0.00000547
0.00000739
0.00000942
0.00001116
0.00001007
0.00000828
0.00000641
0.00000428
0.00000253
0.00000052
-0.00000150
-0.00000192
0.00000001
0.00000190
0.00000280
0.00000319
0.00000501
0.00000683
0.00000166
-0.00000332
-0.00000509
-0.00001970
-0.00001123
0.00001021
0.00000078
-0.00008136
0.00079713
0.00001857
0.00001986
0.00001858
0.00002026
0.00003136
0.00011010
0.00012002
0.00009085
0.00005616
0.00002010
-0.00001878
-0.00004082
-0.00002767
-0.00001266
0.00000247
0.00002032
0.00003533
0.00004000
0.00004231
0.00004377
0.00004583
0.00003426
0.00001671
-0.00000084
-0.00001010
-0.00000343
0.00000295
-0.00000183
-0.00001299
-0.00000716
0.00000780
-0.00001436
-0.00002167
-0.00001916
-0.00001549
-0.00001305
0.00012276
-0.00003509
0.00002524
-0.00034944
0.00000363
0.00000530
0.00000363
0.00000546
0.00000942
0.00012002
0.00014720
0.00011476
0.00006978
0.00002446
-0.00002519
-0.00005357
-0.00003787
-0.00001980
-0.00000169
0.00001982
0.00003789
0.00004458
0.00004871
0.00005181
0.00005583
0.00004219
0.00002106
-0.00000007
-0.00001164
-0.00000441
0.00000249
-0.00000419
-0.00001868
-0.00001241
0.00000548
-0.00001954
-0.00002566
-0.00002119
-0.00000687
-0.00000920
0.00015033
-0.00004510
0.00008587
-0.00095935
-0.00000080
0.00000052
-0.00000079
0.00000060
0.00000203
0.00009085
0.00011476
0.00009019
0.00005478
0.00001937
-0.00001959
-0.00004195
-0.00002996
-0.00001615
-0.00000232
0.00001416
0.00002797
0.00003337
0.00003687
0.00003954
0.00004299
0.00003254
0.00001630
0.00000005
-0.00000891
-0.00000336
0.00000191
-0.00000358
-0.00001525
-0.00001057
0.00000343
-0.00001509
-0.00001892
-0.00001573
-0.00000277
-0.00000634
0.00011619
-0.00003710
0.00007735
-0.00092291
0.00000050
0.00000129
0.00000051
0.00000137
0.00000298
0.00005616
0.00006978
0.00005478
0.00003354
0.00001226
-0.00001118
-0.00002466
-0.00001759
-0.00000947
-0.00000133
0.00000840
0.00001653
0.00001977
0.00002187
0.00002344
0.00002549
0.00001924
0.00000955
-0.00000013
-0.00000544
-0.00000187
0.00000146
-0.00000200
-0.00000936
-0.00000652
0.00000221
-0.00000837
-0.00001027
-0.00000917
-0.00000190
-0.00000484
0.00006933
-0.00002458
0.00004428
-0.00063772
0.00000035
0.00000061
0.00000036
0.00000066
0.00000177
0.00002010
0.00002446
0.00001937
0.00001226
0.00000519
-0.00000273
-0.00000737
-0.00000534
-0.00000304
-0.00000072
0.00000211
0.00000441
0.00000554
0.00000634
0.00000690
0.00000768
0.00000573
0.00000273
-0.00000028
-0.00000187
-0.00000035
0.00000097
-0.00000054
-0.00000370
-0.00000279
0.00000064
-0.00000159
-0.00000120
-0.00000227
-0.00000000
-0.00000294
0.00002180
-0.00001260
0.00001523
-0.00041472
0.00000106
0.00000073
0.00000106
0.00000077
0.00000168
-0.00001878
-0.00002519
-0.00001959
-0.00001118
-0.00000273
0.00000639
0.00001149
0.00000811
0.00000416
0.00000022
-0.00000437
-0.00000832
-0.00000954
-0.00001024
-0.00001084
-0.00001156
-0.00000887
-0.00000465
-0.00000042
0.00000199
0.00000127
0.00000040
0.00000112
0.00000272
0.00000158
-0.00000085
0.00000567
0.00000821
0.00000499
0.00000136
-0.00000094
-0.00002976
0.00000142
-0.00001922
-0.00010625
0.00000174
0.00000108
0.00000175
0.00000112
0.00000200
-0.00004082
-0.00005357
-0.00004195
-0.00002466
-0.00000737
0.00001149
0.00002216
0.00001575
0.00000830
0.00000086
-0.00000789
-0.00001533
-0.00001792
-0.00001950
-0.00002079
-0.00002239
-0.00001709
-0.00000879
-0.00000050
0.00000419
0.00000216
0.00000004
0.00000208
0.00000649
0.00000419
-0.00000163
0.00000967
0.00001326
0.00000898
0.00000186
0.00000026
-0.00005891
0.00000997
-0.00003973
0.00010276
0.00000280
0.00000234
0.00000281
0.00000240
0.00000373
-0.00002767
-0.00003787
-0.00002996
-0.00001759
-0.00000534
0.00000811
0.00001575
0.00001133
0.00000619
0.00000105
-0.00000500
-0.00001014
-0.00001205
-0.00001328
-0.00001431
-0.00001558
-0.00001192
-0.00000615
-0.00000039
0.00000290
0.00000149
0.00000005
0.00000161
0.00000489
0.00000336
-0.00000078
0.00000677
0.00000889
0.00000599
0.00000018
-0.00000018
-0.00004121
0.00000788
-0.00003270
0.00014991
0.00000388
0.00000363
0.00000388
0.00000370
0.00000547
-0.00001266
-0.00001980
-0.00001615
-0.00000947
-0.00000304
0.00000416
0.00000830
0.00000619
0.00000371
0.00000124
-0.00000170
-0.00000418
-0.00000530
-0.00000613
-0.00000684
-0.00000771
-0.00000594
-0.00000310
-0.00000025
0.00000141
0.00000072
0.00000003
0.00000105
0.00000305
0.00000238
0.00000016
0.00000337
0.00000379
0.00000254
-0.00000168
-0.00000059
-0.00002077
0.00000560
-0.00002413
0.00020541
0.00000506
0.00000503
0.00000507
0.00000512
0.00000739
0.00000247
-0.00000169
-0.00000232
-0.00000133
-0.00000072
0.00000022
0.00000086
0.00000105
0.00000124
0.00000146
0.00000164
0.00000183
0.00000149
0.00000106
0.00000066
0.00000017
0.00000005
-0.00000004
-0.00000012
-0.00000008
-0.00000006
0.00000003
0.00000050
0.00000121
0.00000142
0.00000113
-0.00000001
-0.00000131
-0.00000092
-0.00000360
-0.00000105
-0.00000027
0.00000329
-0.00001584
0.00026291
0.00000627
0.00000651
0.00000628
0.00000662
0.00000942
0.00002032
0.00001982
0.00001416
0.00000840
0.00000211
-0.00000437
-0.00000789
-0.00000500
-0.00000170
0.00000164
0.00000547
0.00000878
0.00000938
0.00000944
0.00000943
0.00000942
0.00000707
0.00000355
0.00000002
-0.00000183
-0.00000095
0.00000005
-0.00000016
-0.00000104
0.00000019
0.00000222
-0.00000393
-0.00000714
-0.00000493
-0.00000571
-0.00000164
0.00002381
0.00000016
-0.00000548
0.00030793
0.00000735
0.00000780
0.00000735
0.00000793
0.00001116
0.00003533
0.00003789
0.00002797
0.00001653
0.00000441
-0.00000832
-0.00001533
-0.00001014
-0.00000418
0.00000183
0.00000878
0.00001474
0.00001614
0.00001660
0.00001691
0.00001729
0.00001305
0.00000661
0.00000016
-0.00000331
-0.00000172
0.00000004
-0.00000072
-0.00000289
-0.00000078
0.00000316
-0.00000732
-0.00001223
-0.00000838
-0.00000757
-0.00000206
0.00004426
-0.00000214
0.00000307
0.00036342
0.00000650
0.00000703
0.00000651
0.00000716
0.00001007
0.00004000
0.00004458
0.00003337
0.00001977
0.00000554
-0.00000954
-0.00001792
-0.00001205
-0.00000530
0.00000149
0.00000938
0.00001614
0.00001789
0.00001861
0.00001913
0.00001977
0.00001495
0.00000758
0.00000020
-0.00000380
-0.00000192
0.00000011
-0.00000101
-0.00000390
-0.00000156
0.00000319
-0.00000827
-0.00001329
-0.00000919
-0.00000722
-0.00000215
0.00005102
-0.00000441
0.00000989
0.00028625
0.00000520
0.00000579
0.00000521
0.00000590
0.00000828
0.00004231
0.00004871
0.00003687
0.00002187
0.00000634
-0.00001024
-0.00001950
-0.00001328
-0.00000613
0.00000106
0.00000944
0.00001660
0.00001861
0.00001956
0.00002026
0.00002113
0.00001600
0.00000812
0.00000024
-0.00000407
-0.00000202
0.00000016
-0.00000125
-0.00000468
-0.00000224
0.00000302
-0.00000877
-0.00001360
-0.00000948
-0.00000642
-0.00000208
0.00005485
-0.00000640
0.00001630
0.00019278
0.00000389
0.00000452
0.00000390
0.00000461
0.00000641
0.00004377
0.00005181
0.00003954
0.00002344
0.00000690
-0.00001084
-0.00002079
-0.00001431
-0.00000684
0.00000066
0.00000943
0.00001691
0.00001913
0.00002026
0.00002112
0.00002219
0.00001683
0.00000856
0.00000029
-0.00000426
-0.00000210
0.00000016
-0.00000147
-0.00000531
-0.00000281
0.00000283
-0.00000923
-0.00001390
-0.00000969
-0.00000562
-0.00000187
0.00005783
-0.00000779
0.00002212
0.00012011
0.00000238
0.00000305
0.00000239
0.00000312
0.00000428
0.00004583
0.00005583
0.00004299
0.00002549
0.00000768
-0.00001156
-0.00002239
-0.00001558
-0.00000771
0.00000017
0.00000942
0.00001729
0.00001977
0.00002113
0.00002219
0.00002352
0.00001786
0.00000910
0.00000034
-0.00000451
-0.00000220
0.00000019
-0.00000173
-0.00000611
-0.00000353
0.00000261
-0.00000974
-0.00001420
-0.00000995
-0.00000468
-0.00000170
0.00006159
-0.00000973
0.00002915
0.00002267
0.00000135
0.00000187
0.00000136
0.00000192
0.00000253
0.00003426
0.00004219
0.00003254
0.00001924
0.00000573
-0.00000887
-0.00001709
-0.00001192
-0.00000594
0.00000005
0.00000707
0.00001305
0.00001495
0.00001600
0.00001683
0.00001786
0.00001358
0.00000694
0.00000030
-0.00000339
-0.00000169
0.00000009
-0.00000136
-0.00000464
-0.00000270
0.00000189
-0.00000751
-0.00001089
-0.00000754
-0.00000332
-0.00000104
0.00004672
-0.00000710
0.00002324
0.00002021
0.00000022
0.00000049
0.00000023
0.00000051
0.00000052
0.00001671
0.00002106
0.00001630
0.00000955
0.00000273
-0.00000465
-0.00000879
-0.00000615
-0.00000310
-0.00000004
0.00000355
0.00000661
0.00000758
0.00000812
0.00000856
0.00000910
0.00000694
0.00000358
0.00000021
-0.00000167
-0.00000089
-0.00000005
-0.00000074
-0.00000231
-0.00000135
0.00000088
-0.00000399
-0.00000578
-0.00000386
-0.00000150
-0.00000019
0.00002368
-0.00000301
0.00001280
0.00002709
-0.00000091
-0.00000089
-0.00000090
-0.00000090
-0.00000150
-0.00000084
-0.00000007
0.00000005
-0.00000013
-0.00000028
-0.00000042
-0.00000050
-0.00000039
-0.00000025
-0.00000012
0.00000002
0.00000016
0.00000020
0.00000024
0.00000029
0.00000034
0.00000030
0.00000021
0.00000012
0.00000004
-0.00000009
-0.00000018
-0.00000012
0.00000002
0.00000000
-0.00000014
-0.00000048
-0.00000067
-0.00000018
0.00000033
0.00000067
0.00000064
0.00000108
0.00000236
0.00003397
-0.00000110
-0.00000122
-0.00000109
-0.00000123
-0.00000192
-0.00001010
-0.00001164
-0.00000891
-0.00000544
-0.00000187
0.00000199
0.00000419
0.00000290
0.00000141
-0.00000008
-0.00000183
-0.00000331
-0.00000380
-0.00000407
-0.00000426
-0.00000451
-0.00000339
-0.00000167
0.00000004
0.00000097
0.00000037
-0.00000021
0.00000027
0.00000134
0.00000080
-0.00000061
0.00000156
0.00000223
0.00000183
0.00000109
0.00000092
-0.00001209
0.00000317
-0.00000458
0.00004020
-0.00000006
-0.00000011
-0.00000005
-0.00000009
0.00000001
-0.00000343
-0.00000441
-0.00000336
-0.00000187
-0.00000035
0.00000127
0.00000216
0.00000149
0.00000072
-0.00000006
-0.00000095
-0.00000172
-0.00000192
-0.00000202
-0.00000210
-0.00000220
-0.00000169
-0.00000089
-0.00000009
0.00000037
0.00000027
0.00000013
0.00000020
0.00000039
0.00000016
-0.00000022
0.00000116
0.00000179
0.00000103
0.00000049
-0.00000026
-0.00000559
-0.00000037
-0.00000274
-0.00005307
0.00000102
0.00000103
0.00000102
0.00000107
0.00000190
0.00000295
0.00000249
0.00000191
0.00000146
0.00000097
0.00000040
0.00000004
0.00000005
0.00000003
0.00000003
0.00000005
0.00000004
0.00000011
0.00000016
0.00000016
0.00000019
0.00000009
-0.00000005
-0.00000018
-0.00000021
0.00000013
0.00000038
0.00000012
-0.00000045
-0.00000035
0.00000019
0.00000058
0.00000100
0.00000012
-0.00000025
-0.00000123
0.00000101
-0.00000313
-0.00000122
-0.00010998
0.00000187
0.00000181
0.00000187
0.00000185
0.00000280
-0.00000183
-0.00000419
-0.00000358
-0.00000200
-0.00000054
0.00000112
0.00000208
0.00000161
0.00000105
0.00000050
-0.00000016
-0.00000072
-0.00000101
-0.00000125
-0.00000147
-0.00000173
-0.00000136
-0.00000074
-0.00000012
0.00000027
0.00000020
0.00000012
0.00000035
0.00000076
0.00000065
0.00000024
0.00000095
0.00000099
0.00000050
-0.00000095
-0.00000062
-0.00000464
0.00000089
-0.00000815
0.00005346
0.00000264
0.00000243
0.00000264
0.00000247
0.00000319
-0.00001299
-0.00001868
-0.00001525
-0.00000936
-0.00000370
0.00000272
0.00000649
0.00000489
0.00000305
0.00000121
-0.00000104
-0.00000289
-0.00000390
-0.00000468
-0.00000531
-0.00000611
-0.00000464
-0.00000231
0.00000002
0.00000134
0.00000039
-0.00000045
0.00000076
0.00000315
0.00000256
0.00000009
0.00000184
0.00000137
0.00000161
-0.00000167
0.00000091
-0.00001726
0.00000890
-0.00002006
0.00034886
0.00000377
0.00000364
0.00000378
0.00000369
0.00000501
-0.00000716
-0.00001241
-0.00001057
-0.00000652
-0.00000279
0.00000158
0.00000419
0.00000336
0.00000238
0.00000142
0.00000019
-0.00000078
-0.00000156
-0.00000224
-0.00000281
-0.00000353
-0.00000270
-0.00000135
0.00000000
0.00000080
0.00000016
-0.00000035
0.00000065
0.00000256
0.00000229
0.00000056
0.00000090
-0.00000013
0.00000045
-0.00000269
0.00000035
-0.00001047
0.00000770
-0.00001922
0.00036466
0.00000451
0.00000457
0.00000452
0.00000464
0.00000683
0.00000780
0.00000548
0.00000343
0.00000221
0.00000064
-0.00000085
-0.00000163
-0.00000078
0.00000016
0.00000113
0.00000222
0.00000316
0.00000319
0.00000302
0.00000283
0.00000261
0.00000189
0.00000088
-0.00000014
-0.00000061
-0.00000022
0.00000019
0.00000024
0.00000009
0.00000056
0.00000120
-0.00000076
-0.00000202
-0.00000166
-0.00000331
-0.00000148
0.00000653
0.00000021
-0.00000947
0.00015538
0.00000088
0.00000061
0.00000088
0.00000064
0.00000166
-0.00001436
-0.00001954
-0.00001509
-0.00000837
-0.00000159
0.00000567
0.00000967
0.00000677
0.00000337
-0.00000001
-0.00000393
-0.00000732
-0.00000827
-0.00000877
-0.00000923
-0.00000974
-0.00000751
-0.00000399
-0.00000048
0.00000156
0.00000116
0.00000058
0.00000095
0.00000184
0.00000090
-0.00000076
0.00000521
0.00000784
0.00000446
0.00000151
-0.00000146
-0.00002460
-0.00000130
-0.00001484
-0.00020057
-0.00000278
-0.00000314
-0.00000279
-0.00000317
-0.00000332
-0.00002167
-0.00002566
-0.00001892
-0.00001027
-0.00000120
0.00000821
0.00001326
0.00000889
0.00000379
-0.00000131
-0.00000714
-0.00001223
-0.00001329
-0.00001360
-0.00001390
-0.00001420
-0.00001089
-0.00000578
-0.00000067
0.00000223
0.00000179
0.00000100
0.00000099
0.00000137
-0.00000013
-0.00000202
0.00000784
0.00001301
0.00000736
0.00000530
-0.00000174
-0.00003495
-0.00000630
-0.00000788
-0.00057804
-0.00000341
-0.00000367
-0.00000342
-0.00000374
-0.00000509
-0.00001916
-0.00002119
-0.00001573
-0.00000917
-0.00000227
0.00000499
0.00000898
0.00000599
0.00000254
-0.00000092
-0.00000493
-0.00000838
-0.00000919
-0.00000948
-0.00000969
-0.00000995
-0.00000754
-0.00000386
-0.00000018
0.00000183
0.00000103
0.00000012
0.00000050
0.00000161
0.00000045
-0.00000166
0.00000446
0.00000736
0.00000483
0.00000397
0.00000064
-0.00002531
0.00000039
-0.00000362
-0.00022819
-0.00001329
-0.00001334
-0.00001330
-0.00001357
-0.00001970
-0.00001549
-0.00000687
-0.00000277
-0.00000190
-0.00000000
0.00000136
0.00000186
0.00000018
-0.00000168
-0.00000360
-0.00000571
-0.00000757
-0.00000722
-0.00000642
-0.00000562
-0.00000468
-0.00000332
-0.00000150
0.00000033
0.00000109
0.00000049
-0.00000025
-0.00000095
-0.00000167
-0.00000269
-0.00000331
0.00000151
0.00000530
0.00000397
0.00000977
0.00000341
-0.00001074
-0.00000503
0.00003409
-0.00060131
-0.00000678
-0.00000682
-0.00000679
-0.00000698
-0.00001123
-0.00001305
-0.00000920
-0.00000634
-0.00000484
-0.00000294
-0.00000094
0.00000026
-0.00000018
-0.00000059
-0.00000105
-0.00000164
-0.00000206
-0.00000215
-0.00000208
-0.00000187
-0.00000170
-0.00000104
-0.00000019
0.00000067
0.00000092
-0.00000026
-0.00000123
-0.00000062
0.00000091
0.00000035
-0.00000148
-0.00000146
-0.00000174
0.00000064
0.00000341
0.00000470
-0.00000567
0.00000819
0.00001313
0.00017598
0.00000519
0.00000697
0.00000518
0.00000708
0.00001021
0.00012276
0.00015033
0.00011619
0.00006933
0.00002180
-0.00002976
-0.00005891
-0.00004121
-0.00002077
-0.00000027
0.00002381
0.00004426
0.00005102
0.00005485
0.00005783
0.00006159
0.00004672
0.00002368
0.00000064
-0.00001209
-0.00000559
0.00000101
-0.00000464
-0.00001726
-0.00001047
0.00000653
-0.00002460
-0.00003495
-0.00002531
-0.00001074
-0.00000567
0.00016257
-0.00003148
0.00008275
-0.00023290
0.00000307
0.00000266
0.00000305
0.00000254
0.00000078
-0.00003509
-0.00004510
-0.00003710
-0.00002458
-0.00001260
0.00000142
0.00000997
0.00000788
0.00000560
0.00000329
0.00000016
-0.00000214
-0.00000441
-0.00000640
-0.00000779
-0.00000973
-0.00000710
-0.00000301
0.00000108
0.00000317
-0.00000037
-0.00000313
0.00000089
0.00000890
0.00000770
0.00000021
-0.00000130
-0.00000630
0.00000039
-0.00000503
0.00000819
-0.00003148
0.00003749
-0.00003939
0.00154576
-0.00005558
-0.00005443
-0.00005566
-0.00005544
-0.00008136
0.00002524
0.00008587
0.00007735
0.00004428
0.00001523
-0.00001922
-0.00003973
-0.00003270
-0.00002413
-0.00001584
-0.00000548
0.00000307
0.00000989
0.00001630
0.00002212
0.00002915
0.00002324
0.00001280
0.00000236
-0.00000458
-0.00000274
-0.00000122
-0.00000815
-0.00002006
-0.00001922
-0.00000947
-0.00001484
-0.00000788
-0.00000362
0.00003409
0.00001313
0.00008275
-0.00003939
0.00021710
-0.00251059
0.00063098
0.00062374
0.00063095
0.00062964
0.00079713
-0.00034944
-0.00095935
-0.00092291
-0.00063772
-0.00041472
-0.00010625
0.00010276
0.00014991
0.00020541
0.00026291
0.00030793
0.00036342
0.00028625
0.00019278
0.00012011
0.00002267
0.00002021
0.00002709
0.00003397
0.00004020
-0.00005307
-0.00010998
0.00005346
0.00034886
0.00036466
0.00015538
-0.00020057
-0.00057804
-0.00022819
-0.00060131
0.00017598
-0.00023290
0.00154576
-0.00251059
0.08243654
