40
0.00091517
0.00091585
0.00092786
0.00092614
0.00092931
0.00036999
0.00005822
-0.00001161
0.00000590
-0.00000099
-0.00000644
-0.00000267
-0.00000157
-0.00000228
-0.00000094
-0.00000143
-0.00000115
-0.00000175
-0.00000237
-0.00000502
-0.00000345
-0.00000499
-0.00000825
-0.00001102
-0.00001120
-0.00000789
-0.00000737
0.00000094
-0.00000164
-0.00000031
-0.00000049
-0.00000805
-0.00000821
-0.00000800
-0.00000828
-0.00001659
-0.00002071
-0.00002446
-0.00002691
-0.00000707
0.00091585
0.00091660
0.00092851
0.00092686
0.00093007
0.00037029
0.00005801
-0.00001198
0.00000578
-0.00000133
-0.00000673
-0.00000296
-0.00000169
-0.00000229
-0.00000088
-0.00000139
-0.00000137
-0.00000218
-0.00000274
-0.00000529
-0.00000364
-0.00000534
-0.00000848
-0.00001110
-0.00001134
-0.00000794
-0.00000762
0.00000083
-0.00000144
0.00000004
-0.00000005
-0.00000806
-0.00000841
-0.00000796
-0.00000813
-0.00001635
-0.00002089
-0.00002462
-0.00002745
-0.00000866
0.00092786
0.00092851
0.00094083
0.00093901
0.00094218
0.00037479
0.00005898
-0.00001203
0.00000552
-0.00000173
-0.00000693
-0.00000332
-0.00000206
-0.00000261
-0.00000123
-0.00000172
-0.00000176
-0.00000256
-0.00000307
-0.00000551
-0.00000390
-0.00000558
-0.00000858
-0.00001113
-0.00001134
-0.00000803
-0.00000773
0.00000057
-0.00000169
-0.00000024
-0.00000030
-0.00000811
-0.00000847
-0.00000800
-0.00000811
-0.00001601
-0.00002051
-0.00002412
-0.00002686
-0.00000904
0.00092614
0.00092686
0.00093901
0.00093733
0.00094051
0.00037419
0.00005802
-0.00001298
0.00000533
-0.00000227
-0.00000757
-0.00000380
-0.00000219
-0.00000257
-0.00000102
-0.00000160
-0.00000210
-0.00000324
-0.00000377
-0.00000609
-0.00000425
-0.00000576
-0.00000875
-0.00001070
-0.00001092
-0.00000776
-0.00000817
0.00000039
-0.00000109
0.00000072
0.00000054
-0.00000801
-0.00000907
-0.00000793
-0.00000878
-0.00001679
-0.00002076
-0.00002477
-0.00002900
-0.00001107
0.00092931
0.00093007
0.00094218
0.00094051
0.00094375
0.00037563
0.00005863
-0.00001251
0.00000559
-0.00000183
-0.00000718
-0.00000341
-0.00000197
-0.00000246
-0.00000098
-0.00000152
-0.00000176
-0.00000275
-0.00000328
-0.00000572
-0.00000398
-0.00000567
-0.00000872
-0.00001108
-0.00001132
-0.00000797
-0.00000796
0.00000059
-0.00000133
0.00000031
0.00000022
-0.00000812
-0.00000877
-0.00000801
-0.00000837
-0.00001649
-0.00002098
-0.00002481
-0.00002822
-0.00001008
0.00036999
0.00037029
0.00037479
0.00037419
0.00037563
0.00022293
0.00004977
0.00003519
0.00002313
0.00002850
0.00002625
0.00003996
0.00003681
0.00003141
0.00002784
0.00002586
0.00003408
0.00002496
0.00001698
0.00001377
0.00001113
0.00000702
0.00000327
0.00000201
-0.00000069
0.00000153
-0.00000264
0.00000225
-0.00000357
-0.00000288
-0.00000324
-0.00000798
-0.00000522
-0.00000810
-0.00000696
-0.00001722
-0.00002235
-0.00002481
-0.00002184
0.00000858
0.00005822
0.00005801
0.00005898
0.00005802
0.00005863
0.00004977
0.00002600
0.00002821
0.00000898
0.00001689
0.00001904
0.00002069
0.00001421
0.00001000
0.00000588
0.00000651
0.00001603
0.00001797
0.00001529
0.00001322
0.00000859
0.00000637
0.00000555
-0.00000250
-0.00000224
-0.00000127
0.00000641
0.00000109
-0.00001046
-0.00001567
-0.00001471
-0.00000279
0.00000747
-0.00000272
0.00000612
0.00000637
0.00000161
0.00000600
0.00002823
0.00003459
-0.00001161
-0.00001198
-0.00001203
-0.00001298
-0.00001251
0.00003519
0.00002821
0.00003940
0.00001494
0.00002691
0.00002801
0.00003216
0.00002345
0.00001717
0.00001176
0.00001231
0.00002589
0.00002810
0.00002364
0.00001985
0.00001392
0.00001122
0.00000868
-0.00000196
-0.00000212
-0.00000048
0.00000936
0.00000395
-0.00001204
-0.00001868
-0.00001799
-0.00000352
0.00000999
-0.00000366
0.00000661
0.00000385
-0.00000137
0.00000330
0.00003129
0.00005104
0.00000590
0.00000578
0.00000552
0.00000533
0.00000559
0.00002313
0.00000898
0.00001494
0.00001375
0.00001990
0.00001460
0.00002063
0.00001715
0.00001308
0.00001168
0.00001146
0.00001898
0.00001989
0.00001687
0.00001202
0.00001060
0.00000819
0.00000322
-0.00000349
-0.00000517
-0.00000124
0.00000441
0.00000899
-0.00000101
-0.00000317
-0.00000332
-0.00000309
0.00000364
-0.00000326
0.00000089
-0.00000940
-0.00001485
-0.00001509
-0.00000498
0.00002993
-0.00000099
-0.00000133
-0.00000173
-0.00000227
-0.00000183
0.00002850
0.00001689
0.00002691
0.00001990
0.00003117
0.00002437
0.00003181
0.00002459
0.00001773
0.00001463
0.00001481
0.00002845
0.00003229
0.00002785
0.00002033
0.00001691
0.00001417
0.00000679
-0.00000560
-0.00000715
-0.00000209
0.00000941
0.00001292
-0.00000511
-0.00001043
-0.00001079
-0.00000431
0.00000865
-0.00000477
0.00000283
-0.00001083
-0.00001709
-0.00001616
0.00000597
0.00005848
-0.00000644
-0.00000673
-0.00000693
-0.00000757
-0.00000718
0.00002625
0.00001904
0.00002801
0.00001460
0.00002437
0.00002207
0.00002686
0.00002014
0.00001463
0.00001103
0.00001136
0.00002280
0.00002534
0.00002165
0.00001693
0.00001296
0.00001052
0.00000644
-0.00000335
-0.00000410
-0.00000119
0.00000791
0.00000707
-0.00000731
-0.00001238
-0.00001214
-0.00000331
0.00000795
-0.00000352
0.00000433
-0.00000243
-0.00000769
-0.00000516
0.00001622
0.00004578
-0.00000267
-0.00000296
-0.00000332
-0.00000380
-0.00000341
0.00003996
0.00002069
0.00003216
0.00002063
0.00003181
0.00002686
0.00003542
0.00002853
0.00002178
0.00001811
0.00001790
0.00003096
0.00003202
0.00002665
0.00002028
0.00001651
0.00001342
0.00000721
-0.00000294
-0.00000471
-0.00000058
0.00000785
0.00001036
-0.00000546
-0.00000994
-0.00001018
-0.00000455
0.00000687
-0.00000492
0.00000197
-0.00000991
-0.00001592
-0.00001499
0.00000474
0.00005014
-0.00000157
-0.00000169
-0.00000206
-0.00000219
-0.00000197
0.00003681
0.00001421
0.00002345
0.00001715
0.00002459
0.00002014
0.00002853
0.00002463
0.00001982
0.00001752
0.00001684
0.00002536
0.00002371
0.00001904
0.00001440
0.00001232
0.00000947
0.00000462
-0.00000094
-0.00000304
0.00000039
0.00000384
0.00000803
-0.00000159
-0.00000335
-0.00000362
-0.00000380
0.00000253
-0.00000401
-0.00000041
-0.00001091
-0.00001608
-0.00001661
-0.00000722
0.00002846
-0.00000228
-0.00000229
-0.00000261
-0.00000257
-0.00000246
0.00003141
0.00001000
0.00001717
0.00001308
0.00001773
0.00001463
0.00002178
0.00001982
0.00001663
0.00001515
0.00001432
0.00001944
0.00001634
0.00001257
0.00000965
0.00000852
0.00000600
0.00000280
0.00000041
-0.00000158
0.00000093
0.00000123
0.00000527
0.00000017
-0.00000002
-0.00000014
-0.00000295
0.00000003
-0.00000300
-0.00000119
-0.00000899
-0.00001337
-0.00001428
-0.00001098
0.00001282
-0.00000094
-0.00000088
-0.00000123
-0.00000102
-0.00000098
0.00002784
0.00000588
0.00001176
0.00001168
0.00001463
0.00001103
0.00001811
0.00001752
0.00001515
0.00001450
0.00001350
0.00001668
0.00001289
0.00000958
0.00000705
0.00000687
0.00000451
0.00000147
0.00000069
-0.00000149
0.00000104
-0.00000032
0.00000512
0.00000234
0.00000331
0.00000310
-0.00000262
-0.00000171
-0.00000263
-0.00000233
-0.00001039
-0.00001449
-0.00001626
-0.00001754
0.00000482
-0.00000143
-0.00000139
-0.00000172
-0.00000160
-0.00000152
0.00002586
0.00000651
0.00001231
0.00001146
0.00001481
0.00001136
0.00001790
0.00001684
0.00001432
0.00001350
0.00001268
0.00001640
0.00001338
0.00001027
0.00000760
0.00000714
0.00000468
0.00000166
-0.00000005
-0.00000209
0.00000059
0.00000041
0.00000530
0.00000150
0.00000190
0.00000184
-0.00000261
-0.00000071
-0.00000259
-0.00000130
-0.00000903
-0.00001365
-0.00001486
-0.00001394
0.00000793
-0.00000115
-0.00000137
-0.00000176
-0.00000210
-0.00000176
0.00003408
0.00001603
0.00002589
0.00001898
0.00002845
0.00002280
0.00003096
0.00002536
0.00001944
0.00001668
0.00001640
0.00002760
0.00002848
0.00002381
0.00001768
0.00001488
0.00001186
0.00000572
-0.00000333
-0.00000527
-0.00000087
0.00000659
0.00001060
-0.00000336
-0.00000688
-0.00000712
-0.00000419
0.00000557
-0.00000449
0.00000138
-0.00001087
-0.00001709
-0.00001682
-0.00000090
0.00004329
-0.00000175
-0.00000218
-0.00000256
-0.00000324
-0.00000275
0.00002496
0.00001797
0.00002810
0.00001989
0.00003229
0.00002534
0.00003202
0.00002371
0.00001634
0.00001289
0.00001338
0.00002848
0.00003414
0.00002985
0.00002176
0.00001781
0.00001550
0.00000767
-0.00000652
-0.00000763
-0.00000260
0.00001117
0.00001360
-0.00000666
-0.00001318
-0.00001366
-0.00000423
0.00001059
-0.00000482
0.00000363
-0.00001007
-0.00001562
-0.00001417
0.00001194
0.00006768
-0.00000237
-0.00000274
-0.00000307
-0.00000377
-0.00000328
0.00001698
0.00001529
0.00002364
0.00001687
0.00002785
0.00002165
0.00002665
0.00001904
0.00001257
0.00000958
0.00001027
0.00002381
0.00002985
0.00002663
0.00001931
0.00001572
0.00001327
0.00000642
-0.00000733
-0.00000827
-0.00000326
0.00001053
0.00001256
-0.00000641
-0.00001271
-0.00001277
-0.00000369
0.00001051
-0.00000408
0.00000500
-0.00000683
-0.00001336
-0.00001129
0.00001409
0.00006179
-0.00000502
-0.00000529
-0.00000551
-0.00000609
-0.00000572
0.00001377
0.00001322
0.00001985
0.00001202
0.00002033
0.00001693
0.00002028
0.00001440
0.00000965
0.00000705
0.00000760
0.00001768
0.00002176
0.00001931
0.00001443
0.00001136
0.00000938
0.00000504
-0.00000493
-0.00000550
-0.00000219
0.00000777
0.00000803
-0.00000579
-0.00001064
-0.00001046
-0.00000269
0.00000799
-0.00000290
0.00000445
-0.00000275
-0.00000783
-0.00000566
0.00001414
0.00004442
-0.00000345
-0.00000364
-0.00000390
-0.00000425
-0.00000398
0.00001113
0.00000859
0.00001392
0.00001060
0.00001691
0.00001296
0.00001651
0.00001232
0.00000852
0.00000687
0.00000714
0.00001488
0.00001781
0.00001572
0.00001136
0.00000943
0.00000775
0.00000359
-0.00000411
-0.00000492
-0.00000176
0.00000574
0.00000767
-0.00000309
-0.00000641
-0.00000644
-0.00000232
0.00000559
-0.00000252
0.00000258
-0.00000499
-0.00000927
-0.00000834
0.00000538
0.00003435
-0.00000499
-0.00000534
-0.00000558
-0.00000576
-0.00000567
0.00000702
0.00000637
0.00001122
0.00000819
0.00001417
0.00001052
0.00001342
0.00000947
0.00000600
0.00000451
0.00000468
0.00001186
0.00001550
0.00001327
0.00000938
0.00000775
0.00000910
0.00000477
-0.00000080
-0.00000045
0.00000016
0.00000571
0.00000582
-0.00000286
-0.00000594
-0.00000744
-0.00000121
0.00000451
-0.00000206
-0.00000213
-0.00000879
-0.00000492
-0.00000591
0.00000400
0.00003716
-0.00000825
-0.00000848
-0.00000858
-0.00000875
-0.00000872
0.00000327
0.00000555
0.00000868
0.00000322
0.00000679
0.00000644
0.00000721
0.00000462
0.00000280
0.00000147
0.00000166
0.00000572
0.00000767
0.00000642
0.00000504
0.00000359
0.00000477
0.00000331
0.00000067
0.00000134
0.00000064
0.00000336
0.00000121
-0.00000315
-0.00000523
-0.00000604
-0.00000034
0.00000287
-0.00000084
-0.00000088
-0.00000219
0.00000127
0.00000132
0.00000798
0.00002041
-0.00001102
-0.00001110
-0.00001113
-0.00001070
-0.00001108
0.00000201
-0.00000250
-0.00000196
-0.00000349
-0.00000560
-0.00000335
-0.00000294
-0.00000094
0.00000041
0.00000069
-0.00000005
-0.00000333
-0.00000652
-0.00000733
-0.00000493
-0.00000411
-0.00000080
0.00000067
0.00000750
0.00000843
0.00000426
-0.00000337
-0.00000553
0.00000190
0.00000430
0.00000265
0.00000143
-0.00000502
0.00000082
-0.00000754
-0.00000434
0.00000585
0.00000285
-0.00000891
-0.00001466
-0.00001120
-0.00001134
-0.00001134
-0.00001092
-0.00001132
-0.00000069
-0.00000224
-0.00000212
-0.00000517
-0.00000715
-0.00000410
-0.00000471
-0.00000304
-0.00000158
-0.00000149
-0.00000209
-0.00000527
-0.00000763
-0.00000827
-0.00000550
-0.00000492
-0.00000045
0.00000134
0.00000843
0.00001006
0.00000474
-0.00000285
-0.00000681
0.00000088
0.00000285
0.00000081
0.00000197
-0.00000459
0.00000115
-0.00000833
-0.00000367
0.00000946
0.00000639
-0.00000483
-0.00001188
-0.00000789
-0.00000794
-0.00000803
-0.00000776
-0.00000797
0.00000153
-0.00000127
-0.00000048
-0.00000124
-0.00000209
-0.00000119
-0.00000058
0.00000039
0.00000093
0.00000104
0.00000059
-0.00000087
-0.00000260
-0.00000326
-0.00000219
-0.00000176
0.00000016
0.00000064
0.00000426
0.00000474
0.00000248
-0.00000166
-0.00000263
0.00000114
0.00000242
0.00000137
0.00000070
-0.00000273
0.00000030
-0.00000457
-0.00000343
0.00000253
0.00000064
-0.00000579
-0.00000638
-0.00000737
-0.00000762
-0.00000773
-0.00000817
-0.00000796
-0.00000264
0.00000641
0.00000936
0.00000441
0.00000941
0.00000791
0.00000785
0.00000384
0.00000123
-0.00000032
0.00000041
0.00000659
0.00001117
0.00001053
0.00000777
0.00000574
0.00000571
0.00000336
-0.00000337
-0.00000285
-0.00000166
0.00000587
0.00000414
-0.00000473
-0.00000855
-0.00000867
-0.00000083
0.00000627
-0.00000112
0.00000308
0.00000037
-0.00000038
0.00000133
0.00001539
0.00003191
0.00000094
0.00000083
0.00000057
0.00000039
0.00000059
0.00000225
0.00000109
0.00000395
0.00000899
0.00001292
0.00000707
0.00001036
0.00000803
0.00000527
0.00000512
0.00000530
0.00001060
0.00001360
0.00001256
0.00000803
0.00000767
0.00000582
0.00000121
-0.00000553
-0.00000681
-0.00000263
0.00000414
0.00000926
0.00000045
-0.00000152
-0.00000152
-0.00000200
0.00000392
-0.00000208
0.00000192
-0.00000744
-0.00001291
-0.00001305
-0.00000456
0.00002610
-0.00000164
-0.00000144
-0.00000169
-0.00000109
-0.00000133
-0.00000357
-0.00001046
-0.00001204
-0.00000101
-0.00000511
-0.00000731
-0.00000546
-0.00000159
0.00000017
0.00000234
0.00000150
-0.00000336
-0.00000666
-0.00000641
-0.00000579
-0.00000309
-0.00000286
-0.00000315
0.00000190
0.00000088
0.00000114
-0.00000473
0.00000045
0.00000697
0.00001074
0.00001020
0.00000039
-0.00000587
0.00000041
-0.00000478
-0.00000747
-0.00000650
-0.00000979
-0.00002430
-0.00002227
-0.00000031
0.00000004
-0.00000024
0.00000072
0.00000031
-0.00000288
-0.00001567
-0.00001868
-0.00000317
-0.00001043
-0.00001238
-0.00000994
-0.00000335
-0.00000002
0.00000331
0.00000190
-0.00000688
-0.00001318
-0.00001271
-0.00001064
-0.00000641
-0.00000594
-0.00000523
0.00000430
0.00000285
0.00000242
-0.00000855
-0.00000152
0.00001074
0.00001718
0.00001646
0.00000089
-0.00001025
0.00000100
-0.00000771
-0.00000975
-0.00000764
-0.00001263
-0.00003726
-0.00004194
-0.00000049
-0.00000005
-0.00000030
0.00000054
0.00000022
-0.00000324
-0.00001471
-0.00001799
-0.00000332
-0.00001079
-0.00001214
-0.00001018
-0.00000362
-0.00000014
0.00000310
0.00000184
-0.00000712
-0.00001366
-0.00001277
-0.00001046
-0.00000644
-0.00000744
-0.00000604
0.00000265
0.00000081
0.00000137
-0.00000867
-0.00000152
0.00001020
0.00001646
0.00001664
0.00000059
-0.00000959
0.00000109
-0.00000474
-0.00000591
-0.00000791
-0.00001152
-0.00003402
-0.00004527
-0.00000805
-0.00000806
-0.00000811
-0.00000801
-0.00000812
-0.00000798
-0.00000279
-0.00000352
-0.00000309
-0.00000431
-0.00000331
-0.00000455
-0.00000380
-0.00000295
-0.00000262
-0.00000261
-0.00000419
-0.00000423
-0.00000369
-0.00000269
-0.00000232
-0.00000121
-0.00000034
0.00000143
0.00000197
0.00000070
-0.00000083
-0.00000200
0.00000039
0.00000089
0.00000059
0.00000087
-0.00000093
0.00000076
-0.00000120
0.00000085
0.00000364
0.00000323
0.00000033
-0.00000513
-0.00000821
-0.00000841
-0.00000847
-0.00000907
-0.00000877
-0.00000522
0.00000747
0.00000999
0.00000364
0.00000865
0.00000795
0.00000687
0.00000253
0.00000003
-0.00000171
-0.00000071
0.00000557
0.00001059
0.00001051
0.00000799
0.00000559
0.00000451
0.00000287
-0.00000502
-0.00000459
-0.00000273
0.00000627
0.00000392
-0.00000587
-0.00001025
-0.00000959
-0.00000093
0.00000749
-0.00000091
0.00000607
0.00000469
0.00000077
0.00000398
0.00002117
0.00003120
-0.00000800
-0.00000796
-0.00000800
-0.00000793
-0.00000801
-0.00000810
-0.00000272
-0.00000366
-0.00000326
-0.00000477
-0.00000352
-0.00000492
-0.00000401
-0.00000300
-0.00000263
-0.00000259
-0.00000449
-0.00000482
-0.00000408
-0.00000290
-0.00000252
-0.00000206
-0.00000084
0.00000082
0.00000115
0.00000030
-0.00000112
-0.00000208
0.00000041
0.00000100
0.00000109
0.00000076
-0.00000091
0.00000083
-0.00000006
0.00000237
0.00000337
0.00000346
0.00000087
-0.00000781
-0.00000828
-0.00000813
-0.00000811
-0.00000878
-0.00000837
-0.00000696
0.00000612
0.00000661
0.00000089
0.00000283
0.00000433
0.00000197
-0.00000041
-0.00000119
-0.00000233
-0.00000130
0.00000138
0.00000363
0.00000500
0.00000445
0.00000258
-0.00000213
-0.00000088
-0.00000754
-0.00000833
-0.00000457
0.00000308
0.00000192
-0.00000478
-0.00000771
-0.00000474
-0.00000120
0.00000607
-0.00000006
0.00001202
0.00001417
0.00000036
0.00000617
0.00002164
0.00000699
-0.00001659
-0.00001635
-0.00001601
-0.00001679
-0.00001649
-0.00001722
0.00000637
0.00000385
-0.00000940
-0.00001083
-0.00000243
-0.00000991
-0.00001091
-0.00000899
-0.00001039
-0.00000903
-0.00001087
-0.00001007
-0.00000683
-0.00000275
-0.00000499
-0.00000879
-0.00000219
-0.00000434
-0.00000367
-0.00000343
0.00000037
-0.00000744
-0.00000747
-0.00000975
-0.00000591
0.00000085
0.00000469
0.00000237
0.00001417
0.00002757
0.00001601
0.00002410
0.00003689
-0.00001534
-0.00002071
-0.00002089
-0.00002051
-0.00002076
-0.00002098
-0.00002235
0.00000161
-0.00000137
-0.00001485
-0.00001709
-0.00000769
-0.00001592
-0.00001608
-0.00001337
-0.00001449
-0.00001365
-0.00001709
-0.00001562
-0.00001336
-0.00000783
-0.00000927
-0.00000492
0.00000127
0.00000585
0.00000946
0.00000253
-0.00000038
-0.00001291
-0.00000650
-0.00000764
-0.00000791
0.00000364
0.00000077
0.00000337
0.00000036
0.00001601
0.00002696
0.00002941
0.00003023
-0.00001031
-0.00002446
-0.00002462
-0.00002412
-0.00002477
-0.00002481
-0.00002481
0.00000600
0.00000330
-0.00001509
-0.00001616
-0.00000516
-0.00001499
-0.00001661
-0.00001428
-0.00001626
-0.00001486
-0.00001682
-0.00001417
-0.00001129
-0.00000566
-0.00000834
-0.00000591
0.00000132
0.00000285
0.00000639
0.00000064
0.00000133
-0.00001305
-0.00000979
-0.00001263
-0.00001152
0.00000323
0.00000398
0.00000346
0.00000617
0.00002410
0.00002941
0.00003495
0.00004406
-0.00000613
-0.00002691
-0.00002745
-0.00002686
-0.00002900
-0.00002822
-0.00002184
0.00002823
0.00003129
-0.00000498
0.00000597
0.00001622
0.00000474
-0.00000722
-0.00001098
-0.00001754
-0.00001394
-0.00000090
0.00001194
0.00001409
0.00001414
0.00000538
0.00000400
0.00000798
-0.00000891
-0.00000483
-0.00000579
0.00001539
-0.00000456
-0.00002430
-0.00003726
-0.00003402
0.00000033
0.00002117
0.00000087
0.00002164
0.00003689
0.00003023
0.00004406
0.00009440
0.00006311
-0.00000707
-0.00000866
-0.00000904
-0.00001107
-0.00001008
0.00000858
0.00003459
0.00005104
0.00002993
0.00005848
0.00004578
0.00005014
0.00002846
0.00001282
0.00000482
0.00000793
0.00004329
0.00006768
0.00006179
0.00004442
0.00003435
0.00003716
0.00002041
-0.00001466
-0.00001188
-0.00000638
0.00003191
0.00002610
-0.00002227
-0.00004194
-0.00004527
-0.00000513
0.00003120
-0.00000781
0.00000699
-0.00001534
-0.00001031
-0.00000613
0.00006311
0.00018553
