40
0.00000838
0.00000832
0.00000830
0.00000826
0.00000831
0.00000689
0.00000500
0.00000442
0.00000376
0.00000341
0.00000325
0.00000237
0.00000186
0.00000233
0.00000174
0.00000196
0.00000179
0.00000164
0.00000097
0.00000041
-0.00000004
0.00000017
-0.00000024
-0.00000062
-0.00000031
-0.00000031
-0.00000120
-0.00000156
-0.00000199
-0.00000183
-0.00000077
-0.00000028
-0.00000069
0.00000025
0.00000079
0.00000255
0.00000357
0.00000471
0.00000832
0.00001137
0.00000832
0.00000827
0.00000824
0.00000821
0.00000825
0.00000682
0.00000492
0.00000437
0.00000369
0.00000335
0.00000319
0.00000231
0.00000179
0.00000227
0.00000169
0.00000190
0.00000174
0.00000159
0.00000094
0.00000039
-0.00000006
0.00000015
-0.00000026
-0.00000064
-0.00000032
-0.00000033
-0.00000120
-0.00000156
-0.00000197
-0.00000180
-0.00000075
-0.00000028
-0.00000068
0.00000028
0.00000081
0.00000252
0.00000355
0.00000469
0.00000832
0.00001132
0.00000830
0.00000824
0.00000822
0.00000818
0.00000823
0.00000681
0.00000492
0.00000437
0.00000368
0.00000335
0.00000318
0.00000231
0.00000178
0.00000226
0.00000168
0.00000189
0.00000173
0.00000159
0.00000094
0.00000039
-0.00000006
0.00000015
-0.00000027
-0.00000064
-0.00000033
-0.00000033
-0.00000119
-0.00000155
-0.00000196
-0.00000179
-0.00000075
-0.00000028
-0.00000068
0.00000029
0.00000081
0.00000249
0.00000353
0.00000467
0.00000830
0.00001129
0.00000826
0.00000821
0.00000818
0.00000815
0.00000819
0.00000678
0.00000486
0.00000433
0.00000360
0.00000328
0.00000311
0.00000224
0.00000170
0.00000218
0.00000160
0.00000181
0.00000166
0.00000153
0.00000090
0.00000036
-0.00000009
0.00000013
-0.00000030
-0.00000068
-0.00000036
-0.00000035
-0.00000120
-0.00000156
-0.00000196
-0.00000178
-0.00000075
-0.00000029
-0.00000067
0.00000032
0.00000085
0.00000252
0.00000359
0.00000474
0.00000841
0.00001133
0.00000831
0.00000825
0.00000823
0.00000819
0.00000824
0.00000681
0.00000488
0.00000435
0.00000363
0.00000330
0.00000314
0.00000227
0.00000172
0.00000221
0.00000163
0.00000184
0.00000169
0.00000155
0.00000091
0.00000037
-0.00000009
0.00000013
-0.00000029
-0.00000067
-0.00000035
-0.00000034
-0.00000120
-0.00000157
-0.00000197
-0.00000179
-0.00000075
-0.00000028
-0.00000068
0.00000032
0.00000083
0.00000251
0.00000357
0.00000472
0.00000840
0.00001135
0.00000689
0.00000682
0.00000681
0.00000678
0.00000681
0.00001526
0.00001082
0.00000901
0.00001015
0.00001015
0.00000918
0.00000796
0.00000786
0.00000737
0.00000658
0.00000654
0.00000663
0.00000488
0.00000410
0.00000298
0.00000188
0.00000215
0.00000112
0.00000024
0.00000048
0.00000085
-0.00000030
-0.00000091
-0.00000138
-0.00000123
-0.00000044
-0.00000048
-0.00000120
-0.00000103
-0.00000225
-0.00000170
-0.00000113
0.00000066
0.00000400
0.00001065
0.00000500
0.00000492
0.00000492
0.00000486
0.00000488
0.00001082
0.00000956
0.00000752
0.00000947
0.00000937
0.00000845
0.00000727
0.00000785
0.00000707
0.00000661
0.00000675
0.00000632
0.00000470
0.00000388
0.00000309
0.00000251
0.00000240
0.00000160
0.00000093
0.00000089
0.00000103
-0.00000009
-0.00000018
-0.00000053
-0.00000057
0.00000009
-0.00000025
-0.00000101
-0.00000172
-0.00000233
-0.00000282
-0.00000319
-0.00000232
-0.00000113
0.00000567
0.00000442
0.00000437
0.00000437
0.00000433
0.00000435
0.00000901
0.00000752
0.00000633
0.00000719
0.00000712
0.00000652
0.00000573
0.00000584
0.00000535
0.00000496
0.00000499
0.00000479
0.00000357
0.00000301
0.00000232
0.00000177
0.00000172
0.00000108
0.00000055
0.00000065
0.00000070
-0.00000014
-0.00000033
-0.00000052
-0.00000046
0.00000005
-0.00000021
-0.00000080
-0.00000097
-0.00000174
-0.00000220
-0.00000228
-0.00000151
0.00000026
0.00000534
0.00000376
0.00000369
0.00000368
0.00000360
0.00000363
0.00001015
0.00000947
0.00000719
0.00000979
0.00000971
0.00000874
0.00000760
0.00000854
0.00000755
0.00000719
0.00000733
0.00000683
0.00000497
0.00000413
0.00000341
0.00000290
0.00000272
0.00000200
0.00000136
0.00000122
0.00000130
0.00000021
0.00000026
-0.00000007
-0.00000022
0.00000034
-0.00000011
-0.00000096
-0.00000216
-0.00000297
-0.00000383
-0.00000470
-0.00000418
-0.00000392
0.00000317
0.00000341
0.00000335
0.00000335
0.00000328
0.00000330
0.00001015
0.00000937
0.00000712
0.00000971
0.00000968
0.00000868
0.00000757
0.00000848
0.00000747
0.00000713
0.00000724
0.00000678
0.00000490
0.00000412
0.00000342
0.00000290
0.00000273
0.00000197
0.00000132
0.00000119
0.00000130
0.00000028
0.00000032
0.00000005
-0.00000007
0.00000040
-0.00000011
-0.00000093
-0.00000209
-0.00000303
-0.00000413
-0.00000499
-0.00000447
-0.00000416
0.00000284
0.00000325
0.00000319
0.00000318
0.00000311
0.00000314
0.00000918
0.00000845
0.00000652
0.00000874
0.00000868
0.00000787
0.00000692
0.00000771
0.00000683
0.00000653
0.00000662
0.00000622
0.00000449
0.00000376
0.00000310
0.00000261
0.00000245
0.00000185
0.00000128
0.00000120
0.00000121
0.00000025
0.00000026
0.00000001
-0.00000012
0.00000036
-0.00000006
-0.00000086
-0.00000190
-0.00000285
-0.00000369
-0.00000453
-0.00000414
-0.00000379
0.00000251
0.00000237
0.00000231
0.00000231
0.00000224
0.00000227
0.00000796
0.00000727
0.00000573
0.00000760
0.00000757
0.00000692
0.00000621
0.00000689
0.00000608
0.00000585
0.00000588
0.00000560
0.00000397
0.00000340
0.00000280
0.00000235
0.00000220
0.00000173
0.00000126
0.00000122
0.00000115
0.00000037
0.00000036
0.00000021
0.00000009
0.00000044
0.00000002
-0.00000072
-0.00000165
-0.00000283
-0.00000379
-0.00000468
-0.00000449
-0.00000418
0.00000125
0.00000186
0.00000179
0.00000178
0.00000170
0.00000172
0.00000786
0.00000785
0.00000584
0.00000854
0.00000848
0.00000771
0.00000689
0.00000800
0.00000696
0.00000678
0.00000688
0.00000642
0.00000454
0.00000383
0.00000325
0.00000287
0.00000263
0.00000219
0.00000171
0.00000154
0.00000144
0.00000055
0.00000069
0.00000049
0.00000024
0.00000061
0.00000011
-0.00000077
-0.00000225
-0.00000340
-0.00000453
-0.00000589
-0.00000594
-0.00000656
-0.00000033
0.00000233
0.00000227
0.00000226
0.00000218
0.00000221
0.00000737
0.00000707
0.00000535
0.00000755
0.00000747
0.00000683
0.00000608
0.00000696
0.00000614
0.00000594
0.00000602
0.00000565
0.00000400
0.00000335
0.00000280
0.00000241
0.00000224
0.00000186
0.00000142
0.00000133
0.00000121
0.00000039
0.00000045
0.00000025
0.00000005
0.00000046
0.00000010
-0.00000071
-0.00000186
-0.00000291
-0.00000369
-0.00000479
-0.00000477
-0.00000488
0.00000065
0.00000174
0.00000169
0.00000168
0.00000160
0.00000163
0.00000658
0.00000661
0.00000496
0.00000719
0.00000713
0.00000653
0.00000585
0.00000678
0.00000594
0.00000580
0.00000588
0.00000549
0.00000385
0.00000325
0.00000277
0.00000244
0.00000223
0.00000190
0.00000150
0.00000139
0.00000123
0.00000049
0.00000060
0.00000046
0.00000025
0.00000058
0.00000016
-0.00000064
-0.00000187
-0.00000300
-0.00000402
-0.00000526
-0.00000541
-0.00000577
-0.00000045
0.00000196
0.00000190
0.00000189
0.00000181
0.00000184
0.00000654
0.00000675
0.00000499
0.00000733
0.00000724
0.00000662
0.00000588
0.00000688
0.00000602
0.00000588
0.00000599
0.00000554
0.00000392
0.00000326
0.00000278
0.00000248
0.00000226
0.00000193
0.00000152
0.00000139
0.00000123
0.00000044
0.00000058
0.00000041
0.00000018
0.00000056
0.00000015
-0.00000066
-0.00000196
-0.00000293
-0.00000388
-0.00000513
-0.00000528
-0.00000574
-0.00000026
0.00000179
0.00000174
0.00000173
0.00000166
0.00000169
0.00000663
0.00000632
0.00000479
0.00000683
0.00000678
0.00000622
0.00000560
0.00000642
0.00000565
0.00000549
0.00000554
0.00000525
0.00000365
0.00000309
0.00000261
0.00000224
0.00000209
0.00000177
0.00000138
0.00000131
0.00000116
0.00000047
0.00000052
0.00000038
0.00000020
0.00000052
0.00000015
-0.00000062
-0.00000170
-0.00000289
-0.00000377
-0.00000488
-0.00000497
-0.00000509
-0.00000009
0.00000164
0.00000159
0.00000159
0.00000153
0.00000155
0.00000488
0.00000470
0.00000357
0.00000497
0.00000490
0.00000449
0.00000397
0.00000454
0.00000400
0.00000385
0.00000392
0.00000365
0.00000263
0.00000219
0.00000180
0.00000156
0.00000144
0.00000119
0.00000090
0.00000082
0.00000077
0.00000019
0.00000024
0.00000007
-0.00000007
0.00000023
0.00000002
-0.00000048
-0.00000124
-0.00000177
-0.00000215
-0.00000279
-0.00000271
-0.00000282
0.00000078
0.00000097
0.00000094
0.00000094
0.00000090
0.00000091
0.00000410
0.00000388
0.00000301
0.00000413
0.00000412
0.00000376
0.00000340
0.00000383
0.00000335
0.00000325
0.00000326
0.00000309
0.00000219
0.00000187
0.00000157
0.00000135
0.00000124
0.00000101
0.00000076
0.00000072
0.00000067
0.00000026
0.00000028
0.00000020
0.00000011
0.00000028
0.00000003
-0.00000038
-0.00000098
-0.00000163
-0.00000221
-0.00000278
-0.00000274
-0.00000281
0.00000014
0.00000041
0.00000039
0.00000039
0.00000036
0.00000037
0.00000298
0.00000309
0.00000232
0.00000341
0.00000342
0.00000310
0.00000280
0.00000325
0.00000280
0.00000277
0.00000278
0.00000261
0.00000180
0.00000157
0.00000137
0.00000123
0.00000111
0.00000091
0.00000072
0.00000065
0.00000060
0.00000030
0.00000038
0.00000037
0.00000029
0.00000036
0.00000007
-0.00000028
-0.00000088
-0.00000149
-0.00000227
-0.00000290
-0.00000300
-0.00000326
-0.00000074
-0.00000004
-0.00000006
-0.00000006
-0.00000009
-0.00000009
0.00000188
0.00000251
0.00000177
0.00000290
0.00000290
0.00000261
0.00000235
0.00000287
0.00000241
0.00000244
0.00000248
0.00000224
0.00000156
0.00000135
0.00000123
0.00000119
0.00000103
0.00000089
0.00000075
0.00000063
0.00000057
0.00000031
0.00000046
0.00000046
0.00000035
0.00000039
0.00000009
-0.00000021
-0.00000092
-0.00000131
-0.00000216
-0.00000285
-0.00000307
-0.00000374
-0.00000151
0.00000017
0.00000015
0.00000015
0.00000013
0.00000013
0.00000215
0.00000240
0.00000172
0.00000272
0.00000273
0.00000245
0.00000220
0.00000263
0.00000224
0.00000223
0.00000226
0.00000209
0.00000144
0.00000124
0.00000111
0.00000103
0.00000092
0.00000077
0.00000062
0.00000054
0.00000050
0.00000027
0.00000037
0.00000036
0.00000028
0.00000033
0.00000007
-0.00000021
-0.00000077
-0.00000122
-0.00000192
-0.00000248
-0.00000261
-0.00000299
-0.00000094
-0.00000024
-0.00000026
-0.00000027
-0.00000030
-0.00000029
0.00000112
0.00000160
0.00000108
0.00000200
0.00000197
0.00000185
0.00000173
0.00000219
0.00000186
0.00000190
0.00000193
0.00000177
0.00000119
0.00000101
0.00000091
0.00000089
0.00000077
0.00000079
0.00000073
0.00000066
0.00000051
0.00000032
0.00000043
0.00000042
0.00000028
0.00000033
0.00000016
-0.00000014
-0.00000077
-0.00000124
-0.00000170
-0.00000241
-0.00000276
-0.00000342
-0.00000187
-0.00000062
-0.00000064
-0.00000064
-0.00000068
-0.00000067
0.00000024
0.00000093
0.00000055
0.00000136
0.00000132
0.00000128
0.00000126
0.00000171
0.00000142
0.00000150
0.00000152
0.00000138
0.00000090
0.00000076
0.00000072
0.00000075
0.00000062
0.00000073
0.00000073
0.00000065
0.00000046
0.00000033
0.00000047
0.00000047
0.00000032
0.00000034
0.00000020
-0.00000007
-0.00000070
-0.00000112
-0.00000153
-0.00000227
-0.00000273
-0.00000357
-0.00000246
-0.00000031
-0.00000032
-0.00000033
-0.00000036
-0.00000035
0.00000048
0.00000089
0.00000065
0.00000122
0.00000119
0.00000120
0.00000122
0.00000154
0.00000133
0.00000139
0.00000139
0.00000131
0.00000082
0.00000072
0.00000065
0.00000063
0.00000054
0.00000066
0.00000065
0.00000063
0.00000041
0.00000031
0.00000038
0.00000042
0.00000030
0.00000033
0.00000021
-0.00000007
-0.00000053
-0.00000111
-0.00000150
-0.00000216
-0.00000260
-0.00000303
-0.00000203
-0.00000031
-0.00000033
-0.00000033
-0.00000035
-0.00000034
0.00000085
0.00000103
0.00000070
0.00000130
0.00000130
0.00000121
0.00000115
0.00000144
0.00000121
0.00000123
0.00000123
0.00000116
0.00000077
0.00000067
0.00000060
0.00000057
0.00000050
0.00000051
0.00000046
0.00000041
0.00000034
0.00000023
0.00000029
0.00000028
0.00000020
0.00000021
0.00000009
-0.00000009
-0.00000049
-0.00000084
-0.00000114
-0.00000158
-0.00000177
-0.00000221
-0.00000126
-0.00000120
-0.00000120
-0.00000119
-0.00000120
-0.00000120
-0.00000030
-0.00000009
-0.00000014
0.00000021
0.00000028
0.00000025
0.00000037
0.00000055
0.00000039
0.00000049
0.00000044
0.00000047
0.00000019
0.00000026
0.00000030
0.00000031
0.00000027
0.00000032
0.00000033
0.00000031
0.00000023
0.00000033
0.00000039
0.00000049
0.00000045
0.00000029
0.00000014
0.00000005
-0.00000021
-0.00000070
-0.00000126
-0.00000167
-0.00000198
-0.00000244
-0.00000228
-0.00000156
-0.00000156
-0.00000155
-0.00000156
-0.00000157
-0.00000091
-0.00000018
-0.00000033
0.00000026
0.00000032
0.00000026
0.00000036
0.00000069
0.00000045
0.00000060
0.00000058
0.00000052
0.00000024
0.00000028
0.00000038
0.00000046
0.00000037
0.00000043
0.00000047
0.00000038
0.00000029
0.00000039
0.00000053
0.00000065
0.00000057
0.00000039
0.00000017
0.00000008
-0.00000038
-0.00000077
-0.00000153
-0.00000211
-0.00000256
-0.00000345
-0.00000316
-0.00000199
-0.00000197
-0.00000196
-0.00000196
-0.00000197
-0.00000138
-0.00000053
-0.00000052
-0.00000007
0.00000005
0.00000001
0.00000021
0.00000049
0.00000025
0.00000046
0.00000041
0.00000038
0.00000007
0.00000020
0.00000037
0.00000046
0.00000036
0.00000042
0.00000047
0.00000042
0.00000028
0.00000049
0.00000065
0.00000088
0.00000084
0.00000055
0.00000023
0.00000014
-0.00000025
-0.00000089
-0.00000208
-0.00000274
-0.00000334
-0.00000413
-0.00000400
-0.00000183
-0.00000180
-0.00000179
-0.00000178
-0.00000179
-0.00000123
-0.00000057
-0.00000046
-0.00000022
-0.00000007
-0.00000012
0.00000009
0.00000024
0.00000005
0.00000025
0.00000018
0.00000020
-0.00000007
0.00000011
0.00000029
0.00000035
0.00000028
0.00000028
0.00000032
0.00000030
0.00000020
0.00000045
0.00000057
0.00000084
0.00000086
0.00000054
0.00000020
0.00000016
-0.00000006
-0.00000074
-0.00000205
-0.00000257
-0.00000308
-0.00000353
-0.00000352
-0.00000077
-0.00000075
-0.00000075
-0.00000075
-0.00000075
-0.00000044
0.00000009
0.00000005
0.00000034
0.00000040
0.00000036
0.00000044
0.00000061
0.00000046
0.00000058
0.00000056
0.00000052
0.00000023
0.00000028
0.00000036
0.00000039
0.00000033
0.00000033
0.00000034
0.00000033
0.00000021
0.00000029
0.00000039
0.00000055
0.00000054
0.00000041
0.00000018
0.00000005
-0.00000017
-0.00000069
-0.00000157
-0.00000203
-0.00000243
-0.00000265
-0.00000220
-0.00000028
-0.00000028
-0.00000028
-0.00000029
-0.00000028
-0.00000048
-0.00000025
-0.00000021
-0.00000011
-0.00000011
-0.00000006
0.00000002
0.00000011
0.00000010
0.00000016
0.00000015
0.00000015
0.00000002
0.00000003
0.00000007
0.00000009
0.00000007
0.00000016
0.00000020
0.00000021
0.00000009
0.00000014
0.00000017
0.00000023
0.00000020
0.00000018
0.00000014
0.00000004
-0.00000006
-0.00000035
-0.00000056
-0.00000082
-0.00000110
-0.00000119
-0.00000116
-0.00000069
-0.00000068
-0.00000068
-0.00000067
-0.00000068
-0.00000120
-0.00000101
-0.00000080
-0.00000096
-0.00000093
-0.00000086
-0.00000072
-0.00000077
-0.00000071
-0.00000064
-0.00000066
-0.00000062
-0.00000048
-0.00000038
-0.00000028
-0.00000021
-0.00000021
-0.00000014
-0.00000007
-0.00000007
-0.00000009
0.00000005
0.00000008
0.00000014
0.00000016
0.00000005
0.00000004
0.00000012
0.00000017
0.00000017
0.00000005
0.00000005
-0.00000008
-0.00000024
-0.00000091
0.00000025
0.00000028
0.00000029
0.00000032
0.00000032
-0.00000103
-0.00000172
-0.00000097
-0.00000216
-0.00000209
-0.00000190
-0.00000165
-0.00000225
-0.00000186
-0.00000187
-0.00000196
-0.00000170
-0.00000124
-0.00000098
-0.00000088
-0.00000092
-0.00000077
-0.00000077
-0.00000070
-0.00000053
-0.00000049
-0.00000021
-0.00000038
-0.00000025
-0.00000006
-0.00000017
-0.00000006
0.00000017
0.00000097
0.00000095
0.00000108
0.00000170
0.00000189
0.00000304
0.00000143
0.00000079
0.00000081
0.00000081
0.00000085
0.00000083
-0.00000225
-0.00000233
-0.00000174
-0.00000297
-0.00000303
-0.00000285
-0.00000283
-0.00000340
-0.00000291
-0.00000300
-0.00000293
-0.00000289
-0.00000177
-0.00000163
-0.00000149
-0.00000131
-0.00000122
-0.00000124
-0.00000112
-0.00000111
-0.00000084
-0.00000070
-0.00000077
-0.00000089
-0.00000074
-0.00000069
-0.00000035
0.00000017
0.00000095
0.00000239
0.00000349
0.00000463
0.00000526
0.00000575
0.00000352
0.00000255
0.00000252
0.00000249
0.00000252
0.00000251
-0.00000170
-0.00000282
-0.00000220
-0.00000383
-0.00000413
-0.00000369
-0.00000379
-0.00000453
-0.00000369
-0.00000402
-0.00000388
-0.00000377
-0.00000215
-0.00000221
-0.00000227
-0.00000216
-0.00000192
-0.00000170
-0.00000153
-0.00000150
-0.00000114
-0.00000126
-0.00000153
-0.00000208
-0.00000205
-0.00000157
-0.00000056
0.00000005
0.00000108
0.00000349
0.00000705
0.00000885
0.00001005
0.00001072
0.00000749
0.00000357
0.00000355
0.00000353
0.00000359
0.00000357
-0.00000113
-0.00000319
-0.00000228
-0.00000470
-0.00000499
-0.00000453
-0.00000468
-0.00000589
-0.00000479
-0.00000526
-0.00000513
-0.00000488
-0.00000279
-0.00000278
-0.00000290
-0.00000285
-0.00000248
-0.00000241
-0.00000227
-0.00000216
-0.00000158
-0.00000167
-0.00000211
-0.00000274
-0.00000257
-0.00000203
-0.00000082
0.00000005
0.00000170
0.00000463
0.00000885
0.00001150
0.00001332
0.00001490
0.00001081
0.00000471
0.00000469
0.00000467
0.00000474
0.00000472
0.00000066
-0.00000232
-0.00000151
-0.00000418
-0.00000447
-0.00000414
-0.00000449
-0.00000594
-0.00000477
-0.00000541
-0.00000528
-0.00000497
-0.00000271
-0.00000274
-0.00000300
-0.00000307
-0.00000261
-0.00000276
-0.00000273
-0.00000260
-0.00000177
-0.00000198
-0.00000256
-0.00000334
-0.00000308
-0.00000243
-0.00000110
-0.00000008
0.00000189
0.00000526
0.00001005
0.00001332
0.00001580
0.00001800
0.00001402
0.00000832
0.00000832
0.00000830
0.00000841
0.00000840
0.00000400
-0.00000113
0.00000026
-0.00000392
-0.00000416
-0.00000379
-0.00000418
-0.00000656
-0.00000488
-0.00000577
-0.00000574
-0.00000509
-0.00000282
-0.00000281
-0.00000326
-0.00000374
-0.00000299
-0.00000342
-0.00000357
-0.00000303
-0.00000221
-0.00000244
-0.00000345
-0.00000413
-0.00000353
-0.00000265
-0.00000119
-0.00000024
0.00000304
0.00000575
0.00001072
0.00001490
0.00001800
0.00002348
0.00001972
0.00001137
0.00001132
0.00001129
0.00001133
0.00001135
0.00001065
0.00000567
0.00000534
0.00000317
0.00000284
0.00000251
0.00000125
-0.00000033
0.00000065
-0.00000045
-0.00000026
-0.00000009
0.00000078
0.00000014
-0.00000074
-0.00000151
-0.00000094
-0.00000187
-0.00000246
-0.00000203
-0.00000126
-0.00000228
-0.00000316
-0.00000400
-0.00000352
-0.00000220
-0.00000116
-0.00000091
0.00000143
0.00000352
0.00000749
0.00001081
0.00001402
0.00001972
0.00002140
