40
0.00003760
0.00003571
0.00003297
0.00002451
0.00002399
0.00001478
0.00001227
0.00001469
0.00000443
0.00000500
0.00000523
0.00000479
0.00000498
0.00000566
0.00000643
0.00000677
0.00000781
0.00001014
0.00001212
0.00001600
0.00001932
0.00001798
0.00001558
0.00001273
0.00001049
0.00000797
0.00000637
0.00000394
-0.00000250
-0.00000739
-0.00000994
-0.00000695
-0.00000424
-0.00000459
-0.00000907
-0.00001277
-0.00000774
0.00000233
-0.00000571
0.00013912
0.00003571
0.00003449
0.00003212
0.00002566
0.00002461
0.00001636
0.00001304
0.00001309
0.00000701
0.00000603
0.00000542
0.00000564
0.00000579
0.00000626
0.00000689
0.00000740
0.00000859
0.00001083
0.00001332
0.00001650
0.00001929
0.00001840
0.00001614
0.00001359
0.00001196
0.00000966
0.00000846
0.00000552
-0.00000037
-0.00000549
-0.00000867
-0.00000703
-0.00000599
-0.00000780
-0.00001187
-0.00001427
-0.00001112
-0.00000436
-0.00000947
0.00007455
0.00003297
0.00003212
0.00003007
0.00002486
0.00002364
0.00001627
0.00001272
0.00001171
0.00000791
0.00000607
0.00000509
0.00000559
0.00000573
0.00000611
0.00000663
0.00000722
0.00000840
0.00001051
0.00001310
0.00001580
0.00001820
0.00001755
0.00001544
0.00001315
0.00001194
0.00000990
0.00000899
0.00000600
0.00000071
-0.00000427
-0.00000760
-0.00000667
-0.00000648
-0.00000885
-0.00001252
-0.00001423
-0.00001213
-0.00000719
-0.00001076
0.00004095
0.00002451
0.00002566
0.00002486
0.00002611
0.00002331
0.00001954
0.00001393
0.00000568
0.00001484
0.00000900
0.00000560
0.00000809
0.00000803
0.00000773
0.00000771
0.00000875
0.00001027
0.00001188
0.00001584
0.00001615
0.00001673
0.00001752
0.00001603
0.00001491
0.00001558
0.00001423
0.00001454
0.00001010
0.00000685
0.00000164
-0.00000325
-0.00000639
-0.00001126
-0.00001797
-0.00002019
-0.00001767
-0.00002087
-0.00002631
-0.00002094
-0.00015908
0.00002399
0.00002461
0.00002364
0.00002331
0.00002126
0.00001684
0.00001221
0.00000667
0.00001192
0.00000718
0.00000465
0.00000640
0.00000642
0.00000637
0.00000654
0.00000743
0.00000872
0.00001031
0.00001350
0.00001430
0.00001523
0.00001557
0.00001406
0.00001274
0.00001297
0.00001174
0.00001183
0.00000831
0.00000498
0.00000034
-0.00000376
-0.00000577
-0.00000897
-0.00001391
-0.00001623
-0.00001522
-0.00001732
-0.00001980
-0.00001693
-0.00009529
0.00001478
0.00001636
0.00001627
0.00001954
0.00001684
0.00001569
0.00001082
0.00000206
0.00001367
0.00000770
0.00000428
0.00000684
0.00000671
0.00000618
0.00000593
0.00000681
0.00000803
0.00000902
0.00001250
0.00001190
0.00001169
0.00001284
0.00001195
0.00001156
0.00001278
0.00001204
0.00001275
0.00000894
0.00000735
0.00000335
-0.00000085
-0.00000456
-0.00001012
-0.00001670
-0.00001777
-0.00001397
-0.00001801
-0.00002604
-0.00001916
-0.00019189
0.00001227
0.00001304
0.00001272
0.00001393
0.00001221
0.00001082
0.00000781
0.00000258
0.00000872
0.00000558
0.00000351
0.00000507
0.00000493
0.00000461
0.00000445
0.00000496
0.00000579
0.00000653
0.00000882
0.00000879
0.00000897
0.00000958
0.00000886
0.00000844
0.00000891
0.00000811
0.00000835
0.00000572
0.00000414
0.00000129
-0.00000149
-0.00000338
-0.00000660
-0.00001076
-0.00001183
-0.00000946
-0.00001120
-0.00001576
-0.00001272
-0.00010447
0.00001469
0.00001309
0.00001171
0.00000568
0.00000667
0.00000206
0.00000258
0.00000822
-0.00000211
-0.00000052
0.00000083
-0.00000051
-0.00000032
0.00000021
0.00000079
0.00000070
0.00000061
0.00000155
0.00000113
0.00000354
0.00000549
0.00000427
0.00000319
0.00000175
0.00000020
-0.00000061
-0.00000144
-0.00000089
-0.00000368
-0.00000497
-0.00000489
-0.00000188
0.00000168
0.00000431
0.00000219
-0.00000106
0.00000297
0.00001079
0.00000210
0.00015986
0.00000443
0.00000701
0.00000791
0.00001484
0.00001192
0.00001367
0.00000872
-0.00000211
0.00001560
0.00000776
0.00000345
0.00000667
0.00000645
0.00000552
0.00000495
0.00000600
0.00000691
0.00000725
0.00001065
0.00000848
0.00000702
0.00000885
0.00000858
0.00000923
0.00001156
0.00001170
0.00001336
0.00000978
0.00001018
0.00000700
0.00000268
-0.00000298
-0.00001079
-0.00001857
-0.00001848
-0.00001237
-0.00001899
-0.00003322
-0.00002349
-0.00027773
0.00000500
0.00000603
0.00000607
0.00000900
0.00000718
0.00000770
0.00000558
-0.00000052
0.00000776
0.00000678
0.00000465
0.00000655
0.00000613
0.00000541
0.00000488
0.00000520
0.00000573
0.00000566
0.00000756
0.00000659
0.00000601
0.00000697
0.00000695
0.00000746
0.00000804
0.00000718
0.00000757
0.00000485
0.00000416
0.00000243
0.00000021
-0.00000225
-0.00000616
-0.00001072
-0.00001128
-0.00000711
-0.00000875
-0.00001752
-0.00001478
-0.00013571
0.00000523
0.00000542
0.00000509
0.00000560
0.00000465
0.00000428
0.00000351
0.00000083
0.00000345
0.00000465
0.00000382
0.00000471
0.00000439
0.00000395
0.00000363
0.00000366
0.00000393
0.00000386
0.00000484
0.00000468
0.00000467
0.00000504
0.00000497
0.00000518
0.00000500
0.00000402
0.00000389
0.00000217
0.00000112
0.00000009
-0.00000098
-0.00000165
-0.00000315
-0.00000535
-0.00000614
-0.00000391
-0.00000340
-0.00000769
-0.00000834
-0.00004673
0.00000479
0.00000564
0.00000559
0.00000809
0.00000640
0.00000684
0.00000507
-0.00000051
0.00000667
0.00000655
0.00000471
0.00000644
0.00000601
0.00000531
0.00000479
0.00000501
0.00000550
0.00000538
0.00000709
0.00000625
0.00000576
0.00000663
0.00000665
0.00000715
0.00000752
0.00000655
0.00000676
0.00000416
0.00000339
0.00000189
-0.00000005
-0.00000211
-0.00000554
-0.00000966
-0.00001025
-0.00000636
-0.00000746
-0.00001549
-0.00001330
-0.00011944
0.00000498
0.00000579
0.00000573
0.00000803
0.00000642
0.00000671
0.00000493
-0.00000032
0.00000645
0.00000613
0.00000439
0.00000601
0.00000570
0.00000502
0.00000454
0.00000478
0.00000524
0.00000519
0.00000683
0.00000608
0.00000564
0.00000644
0.00000640
0.00000682
0.00000720
0.00000629
0.00000651
0.00000406
0.00000329
0.00000177
-0.00000009
-0.00000206
-0.00000530
-0.00000913
-0.00000977
-0.00000617
-0.00000736
-0.00001493
-0.00001304
-0.00011183
0.00000566
0.00000626
0.00000611
0.00000773
0.00000637
0.00000618
0.00000461
0.00000021
0.00000552
0.00000541
0.00000395
0.00000531
0.00000502
0.00000452
0.00000415
0.00000437
0.00000483
0.00000485
0.00000630
0.00000580
0.00000553
0.00000614
0.00000604
0.00000630
0.00000651
0.00000564
0.00000574
0.00000355
0.00000263
0.00000122
-0.00000045
-0.00000201
-0.00000462
-0.00000791
-0.00000860
-0.00000584
-0.00000664
-0.00001252
-0.00001104
-0.00008925
0.00000643
0.00000689
0.00000663
0.00000771
0.00000654
0.00000593
0.00000445
0.00000079
0.00000495
0.00000488
0.00000363
0.00000479
0.00000454
0.00000415
0.00000388
0.00000410
0.00000454
0.00000465
0.00000596
0.00000567
0.00000556
0.00000602
0.00000584
0.00000595
0.00000605
0.00000520
0.00000524
0.00000326
0.00000220
0.00000079
-0.00000075
-0.00000203
-0.00000415
-0.00000699
-0.00000777
-0.00000561
-0.00000622
-0.00001093
-0.00000994
-0.00007114
0.00000677
0.00000740
0.00000722
0.00000875
0.00000743
0.00000681
0.00000496
0.00000070
0.00000600
0.00000520
0.00000366
0.00000501
0.00000478
0.00000437
0.00000410
0.00000443
0.00000492
0.00000508
0.00000660
0.00000615
0.00000594
0.00000650
0.00000628
0.00000641
0.00000668
0.00000592
0.00000610
0.00000396
0.00000295
0.00000133
-0.00000052
-0.00000222
-0.00000481
-0.00000810
-0.00000890
-0.00000655
-0.00000773
-0.00001313
-0.00001142
-0.00008846
0.00000781
0.00000859
0.00000840
0.00001027
0.00000872
0.00000803
0.00000579
0.00000061
0.00000691
0.00000573
0.00000393
0.00000550
0.00000524
0.00000483
0.00000454
0.00000492
0.00000559
0.00000582
0.00000763
0.00000712
0.00000687
0.00000753
0.00000727
0.00000735
0.00000772
0.00000688
0.00000706
0.00000458
0.00000347
0.00000160
-0.00000055
-0.00000257
-0.00000559
-0.00000946
-0.00001021
-0.00000770
-0.00000937
-0.00001521
-0.00001224
-0.00010605
0.00001014
0.00001083
0.00001051
0.00001188
0.00001031
0.00000902
0.00000653
0.00000155
0.00000725
0.00000566
0.00000386
0.00000538
0.00000519
0.00000485
0.00000465
0.00000508
0.00000582
0.00000629
0.00000822
0.00000797
0.00000796
0.00000852
0.00000807
0.00000790
0.00000820
0.00000730
0.00000741
0.00000488
0.00000344
0.00000122
-0.00000111
-0.00000297
-0.00000582
-0.00000961
-0.00001061
-0.00000850
-0.00001012
-0.00001499
-0.00001215
-0.00009765
0.00001212
0.00001332
0.00001310
0.00001584
0.00001350
0.00001250
0.00000882
0.00000113
0.00001065
0.00000756
0.00000484
0.00000709
0.00000683
0.00000630
0.00000596
0.00000660
0.00000763
0.00000822
0.00001107
0.00001044
0.00001019
0.00001117
0.00001062
0.00001053
0.00001125
0.00001023
0.00001055
0.00000701
0.00000546
0.00000242
-0.00000090
-0.00000388
-0.00000841
-0.00001409
-0.00001512
-0.00001171
-0.00001440
-0.00002179
-0.00001635
-0.00016065
0.00001600
0.00001650
0.00001580
0.00001615
0.00001430
0.00001190
0.00000879
0.00000354
0.00000848
0.00000659
0.00000468
0.00000625
0.00000608
0.00000580
0.00000567
0.00000615
0.00000712
0.00000797
0.00001044
0.00001075
0.00001120
0.00001167
0.00001083
0.00001024
0.00001030
0.00000899
0.00000887
0.00000575
0.00000337
0.00000023
-0.00000263
-0.00000416
-0.00000694
-0.00001117
-0.00001276
-0.00001087
-0.00001172
-0.00001526
-0.00001285
-0.00009056
0.00001932
0.00001929
0.00001820
0.00001673
0.00001523
0.00001169
0.00000897
0.00000549
0.00000702
0.00000601
0.00000467
0.00000576
0.00000564
0.00000553
0.00000556
0.00000594
0.00000687
0.00000796
0.00001019
0.00001120
0.00001224
0.00001234
0.00001126
0.00001025
0.00000979
0.00000824
0.00000775
0.00000491
0.00000183
-0.00000143
-0.00000403
-0.00000447
-0.00000596
-0.00000917
-0.00001126
-0.00001045
-0.00000992
-0.00001057
-0.00001041
-0.00003885
0.00001798
0.00001840
0.00001755
0.00001752
0.00001557
0.00001284
0.00000958
0.00000427
0.00000885
0.00000697
0.00000504
0.00000663
0.00000644
0.00000614
0.00000602
0.00000650
0.00000753
0.00000852
0.00001117
0.00001167
0.00001234
0.00001279
0.00001183
0.00001107
0.00001101
0.00000953
0.00000929
0.00000598
0.00000326
-0.00000018
-0.00000321
-0.00000456
-0.00000730
-0.00001164
-0.00001347
-0.00001151
-0.00001202
-0.00001516
-0.00001302
-0.00008689
0.00001558
0.00001614
0.00001544
0.00001603
0.00001406
0.00001195
0.00000886
0.00000319
0.00000858
0.00000695
0.00000497
0.00000665
0.00000640
0.00000604
0.00000584
0.00000628
0.00000727
0.00000807
0.00001062
0.00001083
0.00001126
0.00001183
0.00001106
0.00001053
0.00001058
0.00000919
0.00000902
0.00000575
0.00000340
0.00000029
-0.00000259
-0.00000417
-0.00000715
-0.00001161
-0.00001314
-0.00001083
-0.00001160
-0.00001562
-0.00001286
-0.00009923
0.00001273
0.00001359
0.00001315
0.00001491
0.00001274
0.00001156
0.00000844
0.00000175
0.00000923
0.00000746
0.00000518
0.00000715
0.00000682
0.00000630
0.00000595
0.00000641
0.00000735
0.00000790
0.00001053
0.00001024
0.00001025
0.00001107
0.00001053
0.00001038
0.00001071
0.00000942
0.00000946
0.00000603
0.00000418
0.00000130
-0.00000164
-0.00000383
-0.00000759
-0.00001265
-0.00001386
-0.00001064
-0.00001197
-0.00001816
-0.00001438
-0.00013046
0.00001049
0.00001196
0.00001194
0.00001558
0.00001297
0.00001278
0.00000891
0.00000020
0.00001156
0.00000804
0.00000500
0.00000752
0.00000720
0.00000651
0.00000605
0.00000668
0.00000772
0.00000820
0.00001125
0.00001030
0.00000979
0.00001101
0.00001058
0.00001071
0.00001169
0.00001072
0.00001121
0.00000743
0.00000622
0.00000317
-0.00000031
-0.00000377
-0.00000905
-0.00001535
-0.00001612
-0.00001179
-0.00001489
-0.00002397
-0.00001755
-0.00018926
0.00000797
0.00000966
0.00000990
0.00001423
0.00001174
0.00001204
0.00000811
-0.00000061
0.00001170
0.00000718
0.00000402
0.00000655
0.00000629
0.00000564
0.00000520
0.00000592
0.00000688
0.00000730
0.00001023
0.00000899
0.00000824
0.00000953
0.00000919
0.00000942
0.00001072
0.00001016
0.00001093
0.00000750
0.00000685
0.00000402
0.00000059
-0.00000326
-0.00000881
-0.00001504
-0.00001547
-0.00001117
-0.00001517
-0.00002467
-0.00001735
-0.00020081
0.00000637
0.00000846
0.00000899
0.00001454
0.00001183
0.00001275
0.00000835
-0.00000144
0.00001336
0.00000757
0.00000389
0.00000676
0.00000651
0.00000574
0.00000524
0.00000610
0.00000706
0.00000741
0.00001055
0.00000887
0.00000775
0.00000929
0.00000902
0.00000946
0.00001121
0.00001093
0.00001208
0.00000852
0.00000831
0.00000536
0.00000155
-0.00000317
-0.00000973
-0.00001672
-0.00001691
-0.00001184
-0.00001700
-0.00002866
-0.00002018
-0.00023704
0.00000394
0.00000552
0.00000600
0.00001010
0.00000831
0.00000894
0.00000572
-0.00000089
0.00000978
0.00000485
0.00000217
0.00000416
0.00000406
0.00000355
0.00000326
0.00000396
0.00000458
0.00000488
0.00000701
0.00000575
0.00000491
0.00000598
0.00000575
0.00000603
0.00000743
0.00000750
0.00000852
0.00000628
0.00000633
0.00000423
0.00000147
-0.00000207
-0.00000679
-0.00001157
-0.00001164
-0.00000822
-0.00001253
-0.00002096
-0.00001496
-0.00016774
-0.00000250
-0.00000037
0.00000071
0.00000685
0.00000498
0.00000735
0.00000414
-0.00000368
0.00001018
0.00000416
0.00000112
0.00000339
0.00000329
0.00000263
0.00000220
0.00000295
0.00000347
0.00000344
0.00000546
0.00000337
0.00000183
0.00000326
0.00000340
0.00000418
0.00000622
0.00000685
0.00000831
0.00000633
0.00000764
0.00000617
0.00000353
-0.00000100
-0.00000677
-0.00001199
-0.00001118
-0.00000687
-0.00001284
-0.00002379
-0.00001520
-0.00021315
-0.00000739
-0.00000549
-0.00000427
0.00000164
0.00000034
0.00000335
0.00000129
-0.00000497
0.00000700
0.00000243
0.00000009
0.00000189
0.00000177
0.00000122
0.00000079
0.00000133
0.00000160
0.00000122
0.00000242
0.00000023
-0.00000143
-0.00000018
0.00000029
0.00000130
0.00000317
0.00000402
0.00000536
0.00000423
0.00000617
0.00000582
0.00000419
0.00000026
-0.00000447
-0.00000836
-0.00000708
-0.00000344
-0.00000890
-0.00001867
-0.00001085
-0.00018112
-0.00000994
-0.00000867
-0.00000760
-0.00000325
-0.00000376
-0.00000085
-0.00000149
-0.00000489
0.00000268
0.00000021
-0.00000098
-0.00000005
-0.00000009
-0.00000045
-0.00000075
-0.00000052
-0.00000055
-0.00000111
-0.00000090
-0.00000263
-0.00000403
-0.00000321
-0.00000259
-0.00000164
-0.00000031
0.00000059
0.00000155
0.00000147
0.00000353
0.00000419
0.00000382
0.00000131
-0.00000143
-0.00000321
-0.00000182
0.00000040
-0.00000339
-0.00000981
-0.00000455
-0.00011130
-0.00000695
-0.00000703
-0.00000667
-0.00000639
-0.00000577
-0.00000456
-0.00000338
-0.00000188
-0.00000298
-0.00000225
-0.00000165
-0.00000211
-0.00000206
-0.00000201
-0.00000203
-0.00000222
-0.00000257
-0.00000297
-0.00000388
-0.00000416
-0.00000447
-0.00000456
-0.00000417
-0.00000383
-0.00000377
-0.00000326
-0.00000317
-0.00000207
-0.00000100
0.00000026
0.00000131
0.00000170
0.00000245
0.00000380
0.00000450
0.00000415
0.00000417
0.00000467
0.00000412
0.00002284
-0.00000424
-0.00000599
-0.00000648
-0.00001126
-0.00000897
-0.00001012
-0.00000660
0.00000168
-0.00001079
-0.00000616
-0.00000315
-0.00000554
-0.00000530
-0.00000462
-0.00000415
-0.00000481
-0.00000559
-0.00000582
-0.00000841
-0.00000694
-0.00000596
-0.00000730
-0.00000715
-0.00000759
-0.00000905
-0.00000881
-0.00000973
-0.00000679
-0.00000677
-0.00000447
-0.00000143
0.00000245
0.00000793
0.00001372
0.00001373
0.00000930
0.00001349
0.00002328
0.00001588
0.00020029
-0.00000459
-0.00000780
-0.00000885
-0.00001797
-0.00001391
-0.00001670
-0.00001076
0.00000431
-0.00001857
-0.00001072
-0.00000535
-0.00000966
-0.00000913
-0.00000791
-0.00000699
-0.00000810
-0.00000946
-0.00000961
-0.00001409
-0.00001117
-0.00000917
-0.00001164
-0.00001161
-0.00001265
-0.00001535
-0.00001504
-0.00001672
-0.00001157
-0.00001199
-0.00000836
-0.00000321
0.00000380
0.00001372
0.00002414
0.00002379
0.00001562
0.00002305
0.00004088
0.00002700
0.00036724
-0.00000907
-0.00001187
-0.00001252
-0.00002019
-0.00001623
-0.00001777
-0.00001183
0.00000219
-0.00001848
-0.00001128
-0.00000614
-0.00001025
-0.00000977
-0.00000860
-0.00000777
-0.00000890
-0.00001021
-0.00001061
-0.00001512
-0.00001276
-0.00001126
-0.00001347
-0.00001314
-0.00001386
-0.00001612
-0.00001547
-0.00001691
-0.00001164
-0.00001118
-0.00000708
-0.00000182
0.00000450
0.00001373
0.00002379
0.00002426
0.00001652
0.00002270
0.00003911
0.00002788
0.00033416
-0.00001277
-0.00001427
-0.00001423
-0.00001767
-0.00001522
-0.00001397
-0.00000946
-0.00000106
-0.00001237
-0.00000711
-0.00000391
-0.00000636
-0.00000617
-0.00000584
-0.00000561
-0.00000655
-0.00000770
-0.00000850
-0.00001171
-0.00001087
-0.00001045
-0.00001151
-0.00001083
-0.00001064
-0.00001179
-0.00001117
-0.00001184
-0.00000822
-0.00000687
-0.00000344
0.00000040
0.00000415
0.00000930
0.00001562
0.00001652
0.00001361
0.00001745
0.00002455
0.00001685
0.00018795
-0.00000774
-0.00001112
-0.00001213
-0.00002087
-0.00001732
-0.00001801
-0.00001120
0.00000297
-0.00001899
-0.00000875
-0.00000340
-0.00000746
-0.00000736
-0.00000664
-0.00000622
-0.00000773
-0.00000937
-0.00001012
-0.00001440
-0.00001172
-0.00000992
-0.00001202
-0.00001160
-0.00001197
-0.00001489
-0.00001517
-0.00001700
-0.00001253
-0.00001284
-0.00000890
-0.00000339
0.00000417
0.00001349
0.00002305
0.00002270
0.00001745
0.00002808
0.00004343
0.00002707
0.00034808
0.00000233
-0.00000436
-0.00000719
-0.00002631
-0.00001980
-0.00002604
-0.00001576
0.00001079
-0.00003322
-0.00001752
-0.00000769
-0.00001549
-0.00001493
-0.00001252
-0.00001093
-0.00001313
-0.00001521
-0.00001499
-0.00002179
-0.00001526
-0.00001057
-0.00001516
-0.00001562
-0.00001816
-0.00002397
-0.00002467
-0.00002866
-0.00002096
-0.00002379
-0.00001867
-0.00000981
0.00000467
0.00002328
0.00004088
0.00003911
0.00002455
0.00004343
0.00008137
0.00005506
0.00068329
-0.00000571
-0.00000947
-0.00001076
-0.00002094
-0.00001693
-0.00001916
-0.00001272
0.00000210
-0.00002349
-0.00001478
-0.00000834
-0.00001330
-0.00001304
-0.00001104
-0.00000994
-0.00001142
-0.00001224
-0.00001215
-0.00001635
-0.00001285
-0.00001041
-0.00001302
-0.00001286
-0.00001438
-0.00001755
-0.00001735
-0.00002018
-0.00001496
-0.00001520
-0.00001085
-0.00000455
0.00000412
0.00001588
0.00002700
0.00002788
0.00001685
0.00002707
0.00005506
0.00004857
0.00038666
0.00013912
0.00007455
0.00004095
-0.00015908
-0.00009529
-0.00019189
-0.00010447
0.00015986
-0.00027773
-0.00013571
-0.00004673
-0.00011944
-0.00011183
-0.00008925
-0.00007114
-0.00008846
-0.00010605
-0.00009765
-0.00016065
-0.00009056
-0.00003885
-0.00008689
-0.00009923
-0.00013046
-0.00018926
-0.00020081
-0.00023704
-0.00016774
-0.00021315
-0.00018112
-0.00011130
0.00002284
0.00020029
0.00036724
0.00033416
0.00018795
0.00034808
0.00068329
0.00038666
0.00689062
