40
0.00096259
0.00096145
0.00096997
0.00096011
0.00096305
0.00038602
0.00007644
0.00001015
0.00001445
0.00000838
0.00000409
0.00000509
0.00000587
0.00000655
0.00000772
0.00000766
0.00000869
0.00001159
0.00001168
0.00001187
0.00001571
0.00001304
0.00000733
0.00000122
-0.00000017
-0.00000035
-0.00000256
0.00000224
-0.00000589
-0.00000953
-0.00001107
-0.00001516
-0.00001362
-0.00001174
-0.00001656
-0.00002790
-0.00002560
-0.00001814
-0.00002130
0.00014187
0.00096145
0.00096105
0.00096978
0.00096203
0.00096449
0.00038736
0.00007701
0.00000834
0.00001686
0.00000909
0.00000409
0.00000565
0.00000654
0.00000715
0.00000821
0.00000830
0.00000921
0.00001194
0.00001256
0.00001212
0.00001546
0.00001309
0.00000765
0.00000198
0.00000121
0.00000126
-0.00000075
0.00000362
-0.00000352
-0.00000725
-0.00000934
-0.00001524
-0.00001560
-0.00001483
-0.00001920
-0.00002928
-0.00002924
-0.00002507
-0.00002535
0.00007552
0.00096997
0.00096978
0.00097961
0.00097276
0.00097489
0.00039459
0.00007718
0.00000559
0.00001733
0.00000825
0.00000254
0.00000493
0.00000581
0.00000624
0.00000736
0.00000760
0.00000851
0.00001045
0.00001153
0.00001097
0.00001417
0.00001206
0.00000673
0.00000145
0.00000076
0.00000147
-0.00000014
0.00000439
-0.00000280
-0.00000631
-0.00000858
-0.00001499
-0.00001591
-0.00001622
-0.00001983
-0.00002838
-0.00002953
-0.00002707
-0.00002757
0.00004229
0.00096011
0.00096203
0.00097276
0.00097259
0.00097321
0.00039580
0.00007760
-0.00000077
0.00002407
0.00001081
0.00000284
0.00000704
0.00000803
0.00000804
0.00000869
0.00000926
0.00001003
0.00001147
0.00001377
0.00001082
0.00001229
0.00001179
0.00000718
0.00000364
0.00000500
0.00000602
0.00000487
0.00000802
0.00000399
0.00000058
-0.00000336
-0.00001459
-0.00002140
-0.00002507
-0.00002811
-0.00003284
-0.00003864
-0.00004694
-0.00003903
-0.00016011
0.00096305
0.00096449
0.00097489
0.00097321
0.00097469
0.00039364
0.00007668
0.00000115
0.00002150
0.00000961
0.00000264
0.00000586
0.00000678
0.00000696
0.00000766
0.00000811
0.00000889
0.00001068
0.00001209
0.00000943
0.00001104
0.00000991
0.00000528
0.00000112
0.00000214
0.00000330
0.00000231
0.00000626
0.00000192
-0.00000114
-0.00000417
-0.00001406
-0.00001890
-0.00002101
-0.00002376
-0.00003027
-0.00003545
-0.00004062
-0.00003375
-0.00009558
0.00038602
0.00038736
0.00039459
0.00039580
0.00039364
0.00027596
0.00006766
0.00003592
0.00004554
0.00004259
0.00003172
0.00005240
0.00004903
0.00004167
0.00003847
0.00003780
0.00004779
0.00003276
0.00002982
0.00002677
0.00002517
0.00002248
0.00001539
0.00001334
0.00000928
0.00001490
0.00001122
0.00001451
0.00000145
-0.00000077
-0.00000500
-0.00001348
-0.00001466
-0.00002818
-0.00002698
-0.00002866
-0.00003868
-0.00004737
-0.00004876
-0.00016655
0.00007644
0.00007701
0.00007718
0.00007760
0.00007668
0.00006766
0.00004401
0.00004007
0.00002742
0.00003248
0.00003236
0.00003344
0.00002740
0.00002224
0.00001726
0.00001845
0.00002830
0.00003024
0.00002862
0.00002542
0.00001999
0.00001827
0.00001617
0.00000694
0.00000812
0.00000779
0.00001443
0.00000591
-0.00000669
-0.00001495
-0.00001603
-0.00000634
-0.00000045
-0.00001480
-0.00000804
-0.00000663
-0.00001326
-0.00001255
0.00001639
-0.00006526
0.00001015
0.00000834
0.00000559
-0.00000077
0.00000115
0.00003592
0.00004007
0.00005879
0.00002068
0.00003527
0.00003911
0.00003847
0.00003007
0.00002428
0.00001839
0.00001866
0.00003173
0.00003607
0.00002954
0.00002658
0.00002096
0.00001698
0.00001339
0.00000056
0.00000027
-0.00000060
0.00000712
0.00000075
-0.00001580
-0.00002411
-0.00002262
-0.00000539
0.00001000
0.00000078
0.00000706
-0.00000139
-0.00000200
0.00001126
0.00003915
0.00021339
0.00001445
0.00001686
0.00001733
0.00002407
0.00002150
0.00004554
0.00002742
0.00002068
0.00003923
0.00003761
0.00002730
0.00003505
0.00003229
0.00002636
0.00002394
0.00002488
0.00003277
0.00003251
0.00003189
0.00002403
0.00002049
0.00001973
0.00001387
0.00000712
0.00000782
0.00001173
0.00001789
0.00001876
0.00000917
0.00000361
-0.00000027
-0.00000616
-0.00000823
-0.00002384
-0.00002056
-0.00002587
-0.00003872
-0.00005267
-0.00003164
-0.00024502
0.00000838
0.00000909
0.00000825
0.00001081
0.00000961
0.00004259
0.00003248
0.00003527
0.00003761
0.00004827
0.00003906
0.00004633
0.00003959
0.00003116
0.00002696
0.00002749
0.00004112
0.00004389
0.00004017
0.00003067
0.00002574
0.00002380
0.00001587
0.00000326
0.00000264
0.00000632
0.00001703
0.00001737
-0.00000074
-0.00000807
-0.00001010
-0.00000659
0.00000124
-0.00001717
-0.00001148
-0.00002279
-0.00003131
-0.00003862
-0.00001097
-0.00007543
0.00000409
0.00000409
0.00000254
0.00000284
0.00000264
0.00003172
0.00003236
0.00003911
0.00002730
0.00003906
0.00003664
0.00003934
0.00003310
0.00002660
0.00002186
0.00002215
0.00003329
0.00003591
0.00003161
0.00002539
0.00002007
0.00001783
0.00001360
0.00000329
0.00000329
0.00000388
0.00001155
0.00000798
-0.00000584
-0.00001241
-0.00001260
-0.00000484
0.00000326
-0.00000992
-0.00000466
-0.00001156
-0.00001664
-0.00001801
0.00000834
-0.00000065
0.00000509
0.00000565
0.00000493
0.00000704
0.00000586
0.00005240
0.00003344
0.00003847
0.00003505
0.00004633
0.00003934
0.00004833
0.00004167
0.00003352
0.00002895
0.00002894
0.00004216
0.00004202
0.00003754
0.00002953
0.00002457
0.00002220
0.00001569
0.00000552
0.00000438
0.00000707
0.00001483
0.00001443
-0.00000177
-0.00000796
-0.00000974
-0.00000659
0.00000041
-0.00001598
-0.00001111
-0.00002051
-0.00002836
-0.00003527
-0.00001149
-0.00006870
0.00000587
0.00000654
0.00000581
0.00000803
0.00000678
0.00004903
0.00002740
0.00003007
0.00003229
0.00003959
0.00003310
0.00004167
0.00003858
0.00003215
0.00002905
0.00002865
0.00003712
0.00003409
0.00003009
0.00002393
0.00002079
0.00001849
0.00001332
0.00000764
0.00000605
0.00000807
0.00001075
0.00001233
0.00000228
-0.00000134
-0.00000305
-0.00000570
-0.00000374
-0.00001514
-0.00001358
-0.00002206
-0.00002962
-0.00003779
-0.00002557
-0.00008435
0.00000655
0.00000715
0.00000624
0.00000804
0.00000696
0.00004167
0.00002224
0.00002428
0.00002636
0.00003116
0.00002660
0.00003352
0.00003215
0.00002778
0.00002552
0.00002492
0.00003006
0.00002610
0.00002278
0.00001853
0.00001640
0.00001431
0.00001084
0.00000820
0.00000675
0.00000771
0.00000715
0.00000864
0.00000320
0.00000125
-0.00000005
-0.00000480
-0.00000558
-0.00001242
-0.00001270
-0.00001915
-0.00002522
-0.00003199
-0.00002514
-0.00007669
0.00000772
0.00000821
0.00000736
0.00000869
0.00000766
0.00003847
0.00001726
0.00001839
0.00002394
0.00002696
0.00002186
0.00002895
0.00002905
0.00002552
0.00002434
0.00002359
0.00002679
0.00002191
0.00001911
0.00001564
0.00001483
0.00001273
0.00000929
0.00000818
0.00000623
0.00000743
0.00000528
0.00000863
0.00000508
0.00000435
0.00000297
-0.00000446
-0.00000667
-0.00001129
-0.00001310
-0.00002039
-0.00002621
-0.00003284
-0.00003225
-0.00006728
0.00000766
0.00000830
0.00000760
0.00000926
0.00000811
0.00003780
0.00001845
0.00001866
0.00002488
0.00002749
0.00002215
0.00002894
0.00002865
0.00002492
0.00002359
0.00002319
0.00002692
0.00002277
0.00002037
0.00001666
0.00001554
0.00001341
0.00000993
0.00000791
0.00000619
0.00000771
0.00000686
0.00000958
0.00000491
0.00000341
0.00000191
-0.00000465
-0.00000630
-0.00001250
-0.00001313
-0.00001973
-0.00002669
-0.00003345
-0.00003035
-0.00008118
0.00000869
0.00000921
0.00000851
0.00001003
0.00000889
0.00004779
0.00002830
0.00003173
0.00003277
0.00004112
0.00003329
0.00004216
0.00003712
0.00003006
0.00002679
0.00002692
0.00003848
0.00003822
0.00003469
0.00002749
0.00002397
0.00002146
0.00001480
0.00000542
0.00000390
0.00000716
0.00001405
0.00001552
0.00000053
-0.00000509
-0.00000713
-0.00000659
-0.00000072
-0.00001555
-0.00001172
-0.00002251
-0.00003146
-0.00003712
-0.00001773
-0.00006311
0.00001159
0.00001194
0.00001045
0.00001147
0.00001068
0.00003276
0.00003024
0.00003607
0.00003251
0.00004389
0.00003591
0.00004202
0.00003409
0.00002610
0.00002191
0.00002277
0.00003822
0.00004475
0.00004130
0.00003206
0.00002720
0.00002533
0.00001718
0.00000241
0.00000230
0.00000534
0.00001839
0.00001754
-0.00000289
-0.00001203
-0.00001441
-0.00000705
0.00000377
-0.00001502
-0.00000875
-0.00002189
-0.00002932
-0.00003265
0.00000022
-0.00003088
0.00001168
0.00001256
0.00001153
0.00001377
0.00001209
0.00002982
0.00002862
0.00002954
0.00003189
0.00004017
0.00003161
0.00003754
0.00003009
0.00002278
0.00001911
0.00002037
0.00003469
0.00004130
0.00004022
0.00003164
0.00002718
0.00002560
0.00001821
0.00000405
0.00000426
0.00000756
0.00002110
0.00001912
-0.00000059
-0.00001018
-0.00001331
-0.00000746
0.00000140
-0.00001875
-0.00001175
-0.00002147
-0.00003102
-0.00003630
-0.00000307
-0.00009976
0.00001187
0.00001212
0.00001097
0.00001082
0.00000943
0.00002677
0.00002542
0.00002658
0.00002403
0.00003067
0.00002539
0.00002953
0.00002393
0.00001853
0.00001564
0.00001666
0.00002749
0.00003206
0.00003164
0.00002671
0.00002375
0.00002212
0.00001687
0.00000607
0.00000574
0.00000736
0.00001682
0.00001380
-0.00000198
-0.00001012
-0.00001269
-0.00000674
0.00000061
-0.00001475
-0.00000979
-0.00001626
-0.00002268
-0.00002415
-0.00000097
-0.00004740
0.00001571
0.00001546
0.00001417
0.00001229
0.00001104
0.00002517
0.00001999
0.00002096
0.00002049
0.00002574
0.00002007
0.00002457
0.00002079
0.00001640
0.00001483
0.00001554
0.00002397
0.00002720
0.00002718
0.00002375
0.00002288
0.00002113
0.00001571
0.00000688
0.00000543
0.00000705
0.00001383
0.00001313
-0.00000081
-0.00000749
-0.00001009
-0.00000671
-0.00000055
-0.00001265
-0.00000999
-0.00001751
-0.00002198
-0.00002192
-0.00000902
-0.00000588
0.00001304
0.00001309
0.00001206
0.00001179
0.00000991
0.00002248
0.00001827
0.00001698
0.00001973
0.00002380
0.00001783
0.00002220
0.00001849
0.00001431
0.00001273
0.00001341
0.00002146
0.00002533
0.00002560
0.00002212
0.00002113
0.00002283
0.00001734
0.00001088
0.00001103
0.00001020
0.00001530
0.00001226
0.00000074
-0.00000584
-0.00001034
-0.00000570
-0.00000296
-0.00001452
-0.00001682
-0.00002213
-0.00001936
-0.00002362
-0.00001226
-0.00005053
0.00000733
0.00000765
0.00000673
0.00000718
0.00000528
0.00001539
0.00001617
0.00001339
0.00001387
0.00001587
0.00001360
0.00001569
0.00001332
0.00001084
0.00000929
0.00000993
0.00001480
0.00001718
0.00001821
0.00001687
0.00001571
0.00001734
0.00001520
0.00001195
0.00001272
0.00001032
0.00001263
0.00000721
0.00000071
-0.00000466
-0.00000828
-0.00000433
-0.00000450
-0.00001311
-0.00001527
-0.00001490
-0.00001286
-0.00001718
-0.00000779
-0.00008094
0.00000122
0.00000198
0.00000145
0.00000364
0.00000112
0.00001334
0.00000694
0.00000056
0.00000712
0.00000326
0.00000329
0.00000552
0.00000764
0.00000820
0.00000818
0.00000791
0.00000542
0.00000241
0.00000405
0.00000607
0.00000688
0.00001088
0.00001195
0.00001862
0.00001986
0.00001413
0.00000639
0.00000087
0.00000657
0.00000592
0.00000136
-0.00000220
-0.00001272
-0.00001248
-0.00002252
-0.00001660
-0.00000844
-0.00001810
-0.00002661
-0.00014771
-0.00000017
0.00000121
0.00000076
0.00000500
0.00000214
0.00000928
0.00000812
0.00000027
0.00000782
0.00000264
0.00000329
0.00000438
0.00000605
0.00000675
0.00000623
0.00000619
0.00000390
0.00000230
0.00000426
0.00000574
0.00000543
0.00001103
0.00001272
0.00001986
0.00002287
0.00001580
0.00000845
0.00000037
0.00000766
0.00000632
0.00000090
-0.00000151
-0.00001399
-0.00001438
-0.00002557
-0.00001759
-0.00000801
-0.00002060
-0.00002366
-0.00020408
-0.00000035
0.00000126
0.00000147
0.00000602
0.00000330
0.00001490
0.00000779
-0.00000060
0.00001173
0.00000632
0.00000388
0.00000707
0.00000807
0.00000771
0.00000743
0.00000771
0.00000716
0.00000534
0.00000756
0.00000736
0.00000705
0.00001020
0.00001032
0.00001413
0.00001580
0.00001299
0.00000953
0.00000525
0.00000826
0.00000664
0.00000216
-0.00000248
-0.00001159
-0.00001528
-0.00002088
-0.00001565
-0.00001416
-0.00002574
-0.00002559
-0.00020832
-0.00000256
-0.00000075
-0.00000014
0.00000487
0.00000231
0.00001122
0.00001443
0.00000712
0.00001789
0.00001703
0.00001155
0.00001483
0.00001075
0.00000715
0.00000528
0.00000686
0.00001405
0.00001839
0.00002110
0.00001682
0.00001383
0.00001530
0.00001263
0.00000639
0.00000845
0.00000953
0.00001837
0.00001331
0.00000400
-0.00000275
-0.00000686
-0.00000389
-0.00000329
-0.00001820
-0.00001454
-0.00001246
-0.00001887
-0.00002913
-0.00000798
-0.00020702
0.00000224
0.00000362
0.00000439
0.00000802
0.00000626
0.00001451
0.00000591
0.00000075
0.00001876
0.00001737
0.00000798
0.00001443
0.00001233
0.00000864
0.00000863
0.00000958
0.00001552
0.00001754
0.00001912
0.00001380
0.00001313
0.00001226
0.00000721
0.00000087
0.00000037
0.00000525
0.00001331
0.00001688
0.00000725
0.00000328
0.00000025
-0.00000400
-0.00000243
-0.00001449
-0.00001049
-0.00001638
-0.00002701
-0.00003603
-0.00002522
-0.00014362
-0.00000589
-0.00000352
-0.00000280
0.00000399
0.00000192
0.00000145
-0.00000669
-0.00001580
0.00000917
-0.00000074
-0.00000584
-0.00000177
0.00000228
0.00000320
0.00000508
0.00000491
0.00000053
-0.00000289
-0.00000059
-0.00000198
-0.00000081
0.00000074
0.00000071
0.00000657
0.00000766
0.00000826
0.00000400
0.00000725
0.00001553
0.00001775
0.00001430
-0.00000036
-0.00001258
-0.00001174
-0.00001685
-0.00001661
-0.00002220
-0.00003704
-0.00004312
-0.00023968
-0.00000953
-0.00000725
-0.00000631
0.00000058
-0.00000114
-0.00000077
-0.00001495
-0.00002411
0.00000361
-0.00000807
-0.00001241
-0.00000796
-0.00000134
0.00000125
0.00000435
0.00000341
-0.00000509
-0.00001203
-0.00001018
-0.00001012
-0.00000749
-0.00000584
-0.00000466
0.00000592
0.00000632
0.00000664
-0.00000275
0.00000328
0.00001775
0.00002386
0.00002119
0.00000135
-0.00001456
-0.00000742
-0.00001553
-0.00001524
-0.00001911
-0.00003438
-0.00005164
-0.00022658
-0.00001107
-0.00000934
-0.00000858
-0.00000336
-0.00000417
-0.00000500
-0.00001603
-0.00002262
-0.00000027
-0.00001010
-0.00001260
-0.00000974
-0.00000305
-0.00000005
0.00000297
0.00000191
-0.00000713
-0.00001441
-0.00001331
-0.00001269
-0.00001009
-0.00001034
-0.00000828
0.00000136
0.00000090
0.00000216
-0.00000686
0.00000025
0.00001430
0.00002119
0.00002087
0.00000209
-0.00001101
-0.00000223
-0.00000725
-0.00000716
-0.00001339
-0.00002382
-0.00004097
-0.00015890
-0.00001516
-0.00001524
-0.00001499
-0.00001459
-0.00001406
-0.00001348
-0.00000634
-0.00000539
-0.00000616
-0.00000659
-0.00000484
-0.00000659
-0.00000570
-0.00000480
-0.00000446
-0.00000465
-0.00000659
-0.00000705
-0.00000746
-0.00000674
-0.00000671
-0.00000570
-0.00000433
-0.00000220
-0.00000151
-0.00000248
-0.00000389
-0.00000400
-0.00000036
0.00000135
0.00000209
0.00000271
0.00000152
0.00000455
0.00000295
0.00000435
0.00000693
0.00000674
0.00000351
0.00001642
-0.00001362
-0.00001560
-0.00001591
-0.00002140
-0.00001890
-0.00001466
-0.00000045
0.00001000
-0.00000823
0.00000124
0.00000326
0.00000041
-0.00000374
-0.00000558
-0.00000667
-0.00000630
-0.00000072
0.00000377
0.00000140
0.00000061
-0.00000055
-0.00000296
-0.00000450
-0.00001272
-0.00001399
-0.00001159
-0.00000329
-0.00000243
-0.00001258
-0.00001456
-0.00001101
0.00000152
0.00001570
0.00001278
0.00001997
0.00001441
0.00001454
0.00002741
0.00003581
0.00023110
-0.00001174
-0.00001483
-0.00001622
-0.00002507
-0.00002101
-0.00002818
-0.00001480
0.00000078
-0.00002384
-0.00001717
-0.00000992
-0.00001598
-0.00001514
-0.00001242
-0.00001129
-0.00001250
-0.00001555
-0.00001502
-0.00001875
-0.00001475
-0.00001265
-0.00001452
-0.00001311
-0.00001248
-0.00001438
-0.00001528
-0.00001820
-0.00001449
-0.00001174
-0.00000742
-0.00000223
0.00000455
0.00001278
0.00002619
0.00002468
0.00001861
0.00002782
0.00004594
0.00003216
0.00036021
-0.00001656
-0.00001920
-0.00001983
-0.00002811
-0.00002376
-0.00002698
-0.00000804
0.00000706
-0.00002056
-0.00001148
-0.00000466
-0.00001111
-0.00001358
-0.00001270
-0.00001310
-0.00001313
-0.00001172
-0.00000875
-0.00001175
-0.00000979
-0.00000999
-0.00001682
-0.00001527
-0.00002252
-0.00002557
-0.00002088
-0.00001454
-0.00001049
-0.00001685
-0.00001553
-0.00000725
0.00000295
0.00001997
0.00002468
0.00003867
0.00003417
0.00002769
0.00005054
0.00005528
0.00034467
-0.00002790
-0.00002928
-0.00002838
-0.00003284
-0.00003027
-0.00002866
-0.00000663
-0.00000139
-0.00002587
-0.00002279
-0.00001156
-0.00002051
-0.00002206
-0.00001915
-0.00002039
-0.00001973
-0.00002251
-0.00002189
-0.00002147
-0.00001626
-0.00001751
-0.00002213
-0.00001490
-0.00001660
-0.00001759
-0.00001565
-0.00001246
-0.00001638
-0.00001661
-0.00001524
-0.00000716
0.00000435
0.00001441
0.00001861
0.00003417
0.00004904
0.00004286
0.00005923
0.00006221
0.00018127
-0.00002560
-0.00002924
-0.00002953
-0.00003864
-0.00003545
-0.00003868
-0.00001326
-0.00000200
-0.00003872
-0.00003131
-0.00001664
-0.00002836
-0.00002962
-0.00002522
-0.00002621
-0.00002669
-0.00003146
-0.00002932
-0.00003102
-0.00002268
-0.00002198
-0.00001936
-0.00001286
-0.00000844
-0.00000801
-0.00001416
-0.00001887
-0.00002701
-0.00002220
-0.00001911
-0.00001339
0.00000693
0.00001454
0.00002782
0.00002769
0.00004286
0.00006689
0.00008652
0.00007070
0.00034935
-0.00001814
-0.00002507
-0.00002707
-0.00004694
-0.00004062
-0.00004737
-0.00001255
0.00001126
-0.00005267
-0.00003862
-0.00001801
-0.00003527
-0.00003779
-0.00003199
-0.00003284
-0.00003345
-0.00003712
-0.00003265
-0.00003630
-0.00002415
-0.00002192
-0.00002362
-0.00001718
-0.00001810
-0.00002060
-0.00002574
-0.00002913
-0.00003603
-0.00003704
-0.00003438
-0.00002382
0.00000674
0.00002741
0.00004594
0.00005054
0.00005923
0.00008652
0.00013248
0.00011562
0.00069195
-0.00002130
-0.00002535
-0.00002757
-0.00003903
-0.00003375
-0.00004876
0.00001639
0.00003915
-0.00003164
-0.00001097
0.00000834
-0.00001149
-0.00002557
-0.00002514
-0.00003225
-0.00003035
-0.00001773
0.00000022
-0.00000307
-0.00000097
-0.00000902
-0.00001226
-0.00000779
-0.00002661
-0.00002366
-0.00002559
-0.00000798
-0.00002522
-0.00004312
-0.00005164
-0.00004097
0.00000351
0.00003581
0.00003216
0.00005528
0.00006221
0.00007070
0.00011562
0.00017270
0.00046624
0.00014187
0.00007552
0.00004229
-0.00016011
-0.00009558
-0.00016655
-0.00006526
0.00021339
-0.00024502
-0.00007543
-0.00000065
-0.00006870
-0.00008435
-0.00007669
-0.00006728
-0.00008118
-0.00006311
-0.00003088
-0.00009976
-0.00004740
-0.00000588
-0.00005053
-0.00008094
-0.00014771
-0.00020408
-0.00020832
-0.00020702
-0.00014362
-0.00023968
-0.00022658
-0.00015890
0.00001642
0.00023110
0.00036021
0.00034467
0.00018127
0.00034935
0.00069195
0.00046624
0.00709925
