40
0.00000144
0.00000156
0.00000084
0.00000120
0.00000144
-0.00000564
0.00000096
0.00000264
0.00000036
0.00000096
0.00000204
0.00000060
0.00000060
0.00000084
0.00000048
0.00000036
0.00000024
0.00000156
0.00000096
0.00000048
-0.00000012
-0.00000012
0.00000024
0.00000012
0.00000084
-0.00000012
-0.00000036
-0.00000108
0.00000024
0.00000000
0.00000012
0.00000012
-0.00000048
0.00000060
0.00000000
-0.00000108
-0.00000072
-0.00000072
0.00000300
-0.00000156
0.00000156
0.00000169
0.00000091
0.00000130
0.00000156
-0.00000611
0.00000104
0.00000286
0.00000039
0.00000104
0.00000221
0.00000065
0.00000065
0.00000091
0.00000052
0.00000039
0.00000026
0.00000169
0.00000104
0.00000052
-0.00000013
-0.00000013
0.00000026
0.00000013
0.00000091
-0.00000013
-0.00000039
-0.00000117
0.00000026
0.00000000
0.00000013
0.00000013
-0.00000052
0.00000065
0.00000000
-0.00000117
-0.00000078
-0.00000078
0.00000325
-0.00000169
0.00000084
0.00000091
0.00000049
0.00000070
0.00000084
-0.00000329
0.00000056
0.00000154
0.00000021
0.00000056
0.00000119
0.00000035
0.00000035
0.00000049
0.00000028
0.00000021
0.00000014
0.00000091
0.00000056
0.00000028
-0.00000007
-0.00000007
0.00000014
0.00000007
0.00000049
-0.00000007
-0.00000021
-0.00000063
0.00000014
0.00000000
0.00000007
0.00000007
-0.00000028
0.00000035
0.00000000
-0.00000063
-0.00000042
-0.00000042
0.00000175
-0.00000091
0.00000120
0.00000130
0.00000070
0.00000100
0.00000120
-0.00000470
0.00000080
0.00000220
0.00000030
0.00000080
0.00000170
0.00000050
0.00000050
0.00000070
0.00000040
0.00000030
0.00000020
0.00000130
0.00000080
0.00000040
-0.00000010
-0.00000010
0.00000020
0.00000010
0.00000070
-0.00000010
-0.00000030
-0.00000090
0.00000020
0.00000000
0.00000010
0.00000010
-0.00000040
0.00000050
0.00000000
-0.00000090
-0.00000060
-0.00000060
0.00000250
-0.00000130
0.00000144
0.00000156
0.00000084
0.00000120
0.00000144
-0.00000564
0.00000096
0.00000264
0.00000036
0.00000096
0.00000204
0.00000060
0.00000060
0.00000084
0.00000048
0.00000036
0.00000024
0.00000156
0.00000096
0.00000048
-0.00000012
-0.00000012
0.00000024
0.00000012
0.00000084
-0.00000012
-0.00000036
-0.00000108
0.00000024
0.00000000
0.00000012
0.00000012
-0.00000048
0.00000060
0.00000000
-0.00000108
-0.00000072
-0.00000072
0.00000300
-0.00000156
-0.00000564
-0.00000611
-0.00000329
-0.00000470
-0.00000564
0.00002209
-0.00000376
-0.00001034
-0.00000141
-0.00000376
-0.00000799
-0.00000235
-0.00000235
-0.00000329
-0.00000188
-0.00000141
-0.00000094
-0.00000611
-0.00000376
-0.00000188
0.00000047
0.00000047
-0.00000094
-0.00000047
-0.00000329
0.00000047
0.00000141
0.00000423
-0.00000094
0.00000000
-0.00000047
-0.00000047
0.00000188
-0.00000235
0.00000000
0.00000423
0.00000282
0.00000282
-0.00001175
0.00000611
0.00000096
0.00000104
0.00000056
0.00000080
0.00000096
-0.00000376
0.00000064
0.00000176
0.00000024
0.00000064
0.00000136
0.00000040
0.00000040
0.00000056
0.00000032
0.00000024
0.00000016
0.00000104
0.00000064
0.00000032
-0.00000008
-0.00000008
0.00000016
0.00000008
0.00000056
-0.00000008
-0.00000024
-0.00000072
0.00000016
0.00000000
0.00000008
0.00000008
-0.00000032
0.00000040
0.00000000
-0.00000072
-0.00000048
-0.00000048
0.00000200
-0.00000104
0.00000264
0.00000286
0.00000154
0.00000220
0.00000264
-0.00001034
0.00000176
0.00000484
0.00000066
0.00000176
0.00000374
0.00000110
0.00000110
0.00000154
0.00000088
0.00000066
0.00000044
0.00000286
0.00000176
0.00000088
-0.00000022
-0.00000022
0.00000044
0.00000022
0.00000154
-0.00000022
-0.00000066
-0.00000198
0.00000044
0.00000000
0.00000022
0.00000022
-0.00000088
0.00000110
0.00000000
-0.00000198
-0.00000132
-0.00000132
0.00000550
-0.00000286
0.00000036
0.00000039
0.00000021
0.00000030
0.00000036
-0.00000141
0.00000024
0.00000066
0.00000009
0.00000024
0.00000051
0.00000015
0.00000015
0.00000021
0.00000012
0.00000009
0.00000006
0.00000039
0.00000024
0.00000012
-0.00000003
-0.00000003
0.00000006
0.00000003
0.00000021
-0.00000003
-0.00000009
-0.00000027
0.00000006
0.00000000
0.00000003
0.00000003
-0.00000012
0.00000015
0.00000000
-0.00000027
-0.00000018
-0.00000018
0.00000075
-0.00000039
0.00000096
0.00000104
0.00000056
0.00000080
0.00000096
-0.00000376
0.00000064
0.00000176
0.00000024
0.00000064
0.00000136
0.00000040
0.00000040
0.00000056
0.00000032
0.00000024
0.00000016
0.00000104
0.00000064
0.00000032
-0.00000008
-0.00000008
0.00000016
0.00000008
0.00000056
-0.00000008
-0.00000024
-0.00000072
0.00000016
0.00000000
0.00000008
0.00000008
-0.00000032
0.00000040
0.00000000
-0.00000072
-0.00000048
-0.00000048
0.00000200
-0.00000104
0.00000204
0.00000221
0.00000119
0.00000170
0.00000204
-0.00000799
0.00000136
0.00000374
0.00000051
0.00000136
0.00000289
0.00000085
0.00000085
0.00000119
0.00000068
0.00000051
0.00000034
0.00000221
0.00000136
0.00000068
-0.00000017
-0.00000017
0.00000034
0.00000017
0.00000119
-0.00000017
-0.00000051
-0.00000153
0.00000034
0.00000000
0.00000017
0.00000017
-0.00000068
0.00000085
0.00000000
-0.00000153
-0.00000102
-0.00000102
0.00000425
-0.00000221
0.00000060
0.00000065
0.00000035
0.00000050
0.00000060
-0.00000235
0.00000040
0.00000110
0.00000015
0.00000040
0.00000085
0.00000025
0.00000025
0.00000035
0.00000020
0.00000015
0.00000010
0.00000065
0.00000040
0.00000020
-0.00000005
-0.00000005
0.00000010
0.00000005
0.00000035
-0.00000005
-0.00000015
-0.00000045
0.00000010
0.00000000
0.00000005
0.00000005
-0.00000020
0.00000025
0.00000000
-0.00000045
-0.00000030
-0.00000030
0.00000125
-0.00000065
0.00000060
0.00000065
0.00000035
0.00000050
0.00000060
-0.00000235
0.00000040
0.00000110
0.00000015
0.00000040
0.00000085
0.00000025
0.00000025
0.00000035
0.00000020
0.00000015
0.00000010
0.00000065
0.00000040
0.00000020
-0.00000005
-0.00000005
0.00000010
0.00000005
0.00000035
-0.00000005
-0.00000015
-0.00000045
0.00000010
0.00000000
0.00000005
0.00000005
-0.00000020
0.00000025
0.00000000
-0.00000045
-0.00000030
-0.00000030
0.00000125
-0.00000065
0.00000084
0.00000091
0.00000049
0.00000070
0.00000084
-0.00000329
0.00000056
0.00000154
0.00000021
0.00000056
0.00000119
0.00000035
0.00000035
0.00000049
0.00000028
0.00000021
0.00000014
0.00000091
0.00000056
0.00000028
-0.00000007
-0.00000007
0.00000014
0.00000007
0.00000049
-0.00000007
-0.00000021
-0.00000063
0.00000014
0.00000000
0.00000007
0.00000007
-0.00000028
0.00000035
0.00000000
-0.00000063
-0.00000042
-0.00000042
0.00000175
-0.00000091
0.00000048
0.00000052
0.00000028
0.00000040
0.00000048
-0.00000188
0.00000032
0.00000088
0.00000012
0.00000032
0.00000068
0.00000020
0.00000020
0.00000028
0.00000016
0.00000012
0.00000008
0.00000052
0.00000032
0.00000016
-0.00000004
-0.00000004
0.00000008
0.00000004
0.00000028
-0.00000004
-0.00000012
-0.00000036
0.00000008
0.00000000
0.00000004
0.00000004
-0.00000016
0.00000020
0.00000000
-0.00000036
-0.00000024
-0.00000024
0.00000100
-0.00000052
0.00000036
0.00000039
0.00000021
0.00000030
0.00000036
-0.00000141
0.00000024
0.00000066
0.00000009
0.00000024
0.00000051
0.00000015
0.00000015
0.00000021
0.00000012
0.00000009
0.00000006
0.00000039
0.00000024
0.00000012
-0.00000003
-0.00000003
0.00000006
0.00000003
0.00000021
-0.00000003
-0.00000009
-0.00000027
0.00000006
0.00000000
0.00000003
0.00000003
-0.00000012
0.00000015
0.00000000
-0.00000027
-0.00000018
-0.00000018
0.00000075
-0.00000039
0.00000024
0.00000026
0.00000014
0.00000020
0.00000024
-0.00000094
0.00000016
0.00000044
0.00000006
0.00000016
0.00000034
0.00000010
0.00000010
0.00000014
0.00000008
0.00000006
0.00000004
0.00000026
0.00000016
0.00000008
-0.00000002
-0.00000002
0.00000004
0.00000002
0.00000014
-0.00000002
-0.00000006
-0.00000018
0.00000004
0.00000000
0.00000002
0.00000002
-0.00000008
0.00000010
0.00000000
-0.00000018
-0.00000012
-0.00000012
0.00000050
-0.00000026
0.00000156
0.00000169
0.00000091
0.00000130
0.00000156
-0.00000611
0.00000104
0.00000286
0.00000039
0.00000104
0.00000221
0.00000065
0.00000065
0.00000091
0.00000052
0.00000039
0.00000026
0.00000169
0.00000104
0.00000052
-0.00000013
-0.00000013
0.00000026
0.00000013
0.00000091
-0.00000013
-0.00000039
-0.00000117
0.00000026
0.00000000
0.00000013
0.00000013
-0.00000052
0.00000065
0.00000000
-0.00000117
-0.00000078
-0.00000078
0.00000325
-0.00000169
0.00000096
0.00000104
0.00000056
0.00000080
0.00000096
-0.00000376
0.00000064
0.00000176
0.00000024
0.00000064
0.00000136
0.00000040
0.00000040
0.00000056
0.00000032
0.00000024
0.00000016
0.00000104
0.00000064
0.00000032
-0.00000008
-0.00000008
0.00000016
0.00000008
0.00000056
-0.00000008
-0.00000024
-0.00000072
0.00000016
0.00000000
0.00000008
0.00000008
-0.00000032
0.00000040
0.00000000
-0.00000072
-0.00000048
-0.00000048
0.00000200
-0.00000104
0.00000048
0.00000052
0.00000028
0.00000040
0.00000048
-0.00000188
0.00000032
0.00000088
0.00000012
0.00000032
0.00000068
0.00000020
0.00000020
0.00000028
0.00000016
0.00000012
0.00000008
0.00000052
0.00000032
0.00000016
-0.00000004
-0.00000004
0.00000008
0.00000004
0.00000028
-0.00000004
-0.00000012
-0.00000036
0.00000008
0.00000000
0.00000004
0.00000004
-0.00000016
0.00000020
0.00000000
-0.00000036
-0.00000024
-0.00000024
0.00000100
-0.00000052
-0.00000012
-0.00000013
-0.00000007
-0.00000010
-0.00000012
0.00000047
-0.00000008
-0.00000022
-0.00000003
-0.00000008
-0.00000017
-0.00000005
-0.00000005
-0.00000007
-0.00000004
-0.00000003
-0.00000002
-0.00000013
-0.00000008
-0.00000004
0.00000001
0.00000001
-0.00000002
-0.00000001
-0.00000007
0.00000001
0.00000003
0.00000009
-0.00000002
0.00000000
-0.00000001
-0.00000001
0.00000004
-0.00000005
0.00000000
0.00000009
0.00000006
0.00000006
-0.00000025
0.00000013
-0.00000012
-0.00000013
-0.00000007
-0.00000010
-0.00000012
0.00000047
-0.00000008
-0.00000022
-0.00000003
-0.00000008
-0.00000017
-0.00000005
-0.00000005
-0.00000007
-0.00000004
-0.00000003
-0.00000002
-0.00000013
-0.00000008
-0.00000004
0.00000001
0.00000001
-0.00000002
-0.00000001
-0.00000007
0.00000001
0.00000003
0.00000009
-0.00000002
0.00000000
-0.00000001
-0.00000001
0.00000004
-0.00000005
0.00000000
0.00000009
0.00000006
0.00000006
-0.00000025
0.00000013
0.00000024
0.00000026
0.00000014
0.00000020
0.00000024
-0.00000094
0.00000016
0.00000044
0.00000006
0.00000016
0.00000034
0.00000010
0.00000010
0.00000014
0.00000008
0.00000006
0.00000004
0.00000026
0.00000016
0.00000008
-0.00000002
-0.00000002
0.00000004
0.00000002
0.00000014
-0.00000002
-0.00000006
-0.00000018
0.00000004
0.00000000
0.00000002
0.00000002
-0.00000008
0.00000010
0.00000000
-0.00000018
-0.00000012
-0.00000012
0.00000050
-0.00000026
0.00000012
0.00000013
0.00000007
0.00000010
0.00000012
-0.00000047
0.00000008
0.00000022
0.00000003
0.00000008
0.00000017
0.00000005
0.00000005
0.00000007
0.00000004
0.00000003
0.00000002
0.00000013
0.00000008
0.00000004
-0.00000001
-0.00000001
0.00000002
0.00000001
0.00000007
-0.00000001
-0.00000003
-0.00000009
0.00000002
0.00000000
0.00000001
0.00000001
-0.00000004
0.00000005
0.00000000
-0.00000009
-0.00000006
-0.00000006
0.00000025
-0.00000013
0.00000084
0.00000091
0.00000049
0.00000070
0.00000084
-0.00000329
0.00000056
0.00000154
0.00000021
0.00000056
0.00000119
0.00000035
0.00000035
0.00000049
0.00000028
0.00000021
0.00000014
0.00000091
0.00000056
0.00000028
-0.00000007
-0.00000007
0.00000014
0.00000007
0.00000049
-0.00000007
-0.00000021
-0.00000063
0.00000014
0.00000000
0.00000007
0.00000007
-0.00000028
0.00000035
0.00000000
-0.00000063
-0.00000042
-0.00000042
0.00000175
-0.00000091
-0.00000012
-0.00000013
-0.00000007
-0.00000010
-0.00000012
0.00000047
-0.00000008
-0.00000022
-0.00000003
-0.00000008
-0.00000017
-0.00000005
-0.00000005
-0.00000007
-0.00000004
-0.00000003
-0.00000002
-0.00000013
-0.00000008
-0.00000004
0.00000001
0.00000001
-0.00000002
-0.00000001
-0.00000007
0.00000001
0.00000003
0.00000009
-0.00000002
0.00000000
-0.00000001
-0.00000001
0.00000004
-0.00000005
0.00000000
0.00000009
0.00000006
0.00000006
-0.00000025
0.00000013
-0.00000036
-0.00000039
-0.00000021
-0.00000030
-0.00000036
0.00000141
-0.00000024
-0.00000066
-0.00000009
-0.00000024
-0.00000051
-0.00000015
-0.00000015
-0.00000021
-0.00000012
-0.00000009
-0.00000006
-0.00000039
-0.00000024
-0.00000012
0.00000003
0.00000003
-0.00000006
-0.00000003
-0.00000021
0.00000003
0.00000009
0.00000027
-0.00000006
0.00000000
-0.00000003
-0.00000003
0.00000012
-0.00000015
0.00000000
0.00000027
0.00000018
0.00000018
-0.00000075
0.00000039
-0.00000108
-0.00000117
-0.00000063
-0.00000090
-0.00000108
0.00000423
-0.00000072
-0.00000198
-0.00000027
-0.00000072
-0.00000153
-0.00000045
-0.00000045
-0.00000063
-0.00000036
-0.00000027
-0.00000018
-0.00000117
-0.00000072
-0.00000036
0.00000009
0.00000009
-0.00000018
-0.00000009
-0.00000063
0.00000009
0.00000027
0.00000081
-0.00000018
0.00000000
-0.00000009
-0.00000009
0.00000036
-0.00000045
0.00000000
0.00000081
0.00000054
0.00000054
-0.00000225
0.00000117
0.00000024
0.00000026
0.00000014
0.00000020
0.00000024
-0.00000094
0.00000016
0.00000044
0.00000006
0.00000016
0.00000034
0.00000010
0.00000010
0.00000014
0.00000008
0.00000006
0.00000004
0.00000026
0.00000016
0.00000008
-0.00000002
-0.00000002
0.00000004
0.00000002
0.00000014
-0.00000002
-0.00000006
-0.00000018
0.00000004
0.00000000
0.00000002
0.00000002
-0.00000008
0.00000010
0.00000000
-0.00000018
-0.00000012
-0.00000012
0.00000050
-0.00000026
0.00000000
0.00000000
0.00000000
0.00000000
0.00000000
0.00000000
0.00000000
0.00000000
0.00000000
0.00000000
0.00000000
0.00000000
0.00000000
0.00000000
0.00000000
0.00000000
0.00000000
0.00000000
0.00000000
0.00000000
0.00000000
0.00000000
0.00000000
0.00000000
0.00000000
0.00000000
0.00000000
0.00000000
0.00000000
0.00000000
0.00000000
0.00000000
0.00000000
0.00000000
0.00000000
0.00000000
0.00000000
0.00000000
0.00000000
0.00000000
0.00000012
0.00000013
0.00000007
0.00000010
0.00000012
-0.00000047
0.00000008
0.00000022
0.00000003
0.00000008
0.00000017
0.00000005
0.00000005
0.00000007
0.00000004
0.00000003
0.00000002
0.00000013
0.00000008
0.00000004
-0.00000001
-0.00000001
0.00000002
0.00000001
0.00000007
-0.00000001
-0.00000003
-0.00000009
0.00000002
0.00000000
0.00000001
0.00000001
-0.00000004
0.00000005
0.00000000
-0.00000009
-0.00000006
-0.00000006
0.00000025
-0.00000013
0.00000012
0.00000013
0.00000007
0.00000010
0.00000012
-0.00000047
0.00000008
0.00000022
0.00000003
0.00000008
0.00000017
0.00000005
0.00000005
0.00000007
0.00000004
0.00000003
0.00000002
0.00000013
0.00000008
0.00000004
-0.00000001
-0.00000001
0.00000002
0.00000001
0.00000007
-0.00000001
-0.00000003
-0.00000009
0.00000002
0.00000000
0.00000001
0.00000001
-0.00000004
0.00000005
0.00000000
-0.00000009
-0.00000006
-0.00000006
0.00000025
-0.00000013
-0.00000048
-0.00000052
-0.00000028
-0.00000040
-0.00000048
0.00000188
-0.00000032
-0.00000088
-0.00000012
-0.00000032
-0.00000068
-0.00000020
-0.00000020
-0.00000028
-0.00000016
-0.00000012
-0.00000008
-0.00000052
-0.00000032
-0.00000016
0.00000004
0.00000004
-0.00000008
-0.00000004
-0.00000028
0.00000004
0.00000012
0.00000036
-0.00000008
0.00000000
-0.00000004
-0.00000004
0.00000016
-0.00000020
0.00000000
0.00000036
0.00000024
0.00000024
-0.00000100
0.00000052
0.00000060
0.00000065
0.00000035
0.00000050
0.00000060
-0.00000235
0.00000040
0.00000110
0.00000015
0.00000040
0.00000085
0.00000025
0.00000025
0.00000035
0.00000020
0.00000015
0.00000010
0.00000065
0.00000040
0.00000020
-0.00000005
-0.00000005
0.00000010
0.00000005
0.00000035
-0.00000005
-0.00000015
-0.00000045
0.00000010
0.00000000
0.00000005
0.00000005
-0.00000020
0.00000025
0.00000000
-0.00000045
-0.00000030
-0.00000030
0.00000125
-0.00000065
0.00000000
0.00000000
0.00000000
0.00000000
0.00000000
0.00000000
0.00000000
0.00000000
0.00000000
0.00000000
0.00000000
0.00000000
0.00000000
0.00000000
0.00000000
0.00000000
0.00000000
0.00000000
0.00000000
0.00000000
0.00000000
0.00000000
0.00000000
0.00000000
0.00000000
0.00000000
0.00000000
0.00000000
0.00000000
0.00000000
0.00000000
0.00000000
0.00000000
0.00000000
0.00000000
0.00000000
0.00000000
0.00000000
0.00000000
0.00000000
-0.00000108
-0.00000117
-0.00000063
-0.00000090
-0.00000108
0.00000423
-0.00000072
-0.00000198
-0.00000027
-0.00000072
-0.00000153
-0.00000045
-0.00000045
-0.00000063
-0.00000036
-0.00000027
-0.00000018
-0.00000117
-0.00000072
-0.00000036
0.00000009
0.00000009
-0.00000018
-0.00000009
-0.00000063
0.00000009
0.00000027
0.00000081
-0.00000018
0.00000000
-0.00000009
-0.00000009
0.00000036
-0.00000045
0.00000000
0.00000081
0.00000054
0.00000054
-0.00000225
0.00000117
-0.00000072
-0.00000078
-0.00000042
-0.00000060
-0.00000072
0.00000282
-0.00000048
-0.00000132
-0.00000018
-0.00000048
-0.00000102
-0.00000030
-0.00000030
-0.00000042
-0.00000024
-0.00000018
-0.00000012
-0.00000078
-0.00000048
-0.00000024
0.00000006
0.00000006
-0.00000012
-0.00000006
-0.00000042
0.00000006
0.00000018
0.00000054
-0.00000012
0.00000000
-0.00000006
-0.00000006
0.00000024
-0.00000030
0.00000000
0.00000054
0.00000036
0.00000036
-0.00000150
0.00000078
-0.00000072
-0.00000078
-0.00000042
-0.00000060
-0.00000072
0.00000282
-0.00000048
-0.00000132
-0.00000018
-0.00000048
-0.00000102
-0.00000030
-0.00000030
-0.00000042
-0.00000024
-0.00000018
-0.00000012
-0.00000078
-0.00000048
-0.00000024
0.00000006
0.00000006
-0.00000012
-0.00000006
-0.00000042
0.00000006
0.00000018
0.00000054
-0.00000012
0.00000000
-0.00000006
-0.00000006
0.00000024
-0.00000030
0.00000000
0.00000054
0.00000036
0.00000036
-0.00000150
0.00000078
0.00000300
0.00000325
0.00000175
0.00000250
0.00000300
-0.00001175
0.00000200
0.00000550
0.00000075
0.00000200
0.00000425
0.00000125
0.00000125
0.00000175
0.00000100
0.00000075
0.00000050
0.00000325
0.00000200
0.00000100
-0.00000025
-0.00000025
0.00000050
0.00000025
0.00000175
-0.00000025
-0.00000075
-0.00000225
0.00000050
0.00000000
0.00000025
0.00000025
-0.00000100
0.00000125
0.00000000
-0.00000225
-0.00000150
-0.00000150
0.00000625
-0.00000325
-0.00000156
-0.00000169
-0.00000091
-0.00000130
-0.00000156
0.00000611
-0.00000104
-0.00000286
-0.00000039
-0.00000104
-0.00000221
-0.00000065
-0.00000065
-0.00000091
-0.00000052
-0.00000039
-0.00000026
-0.00000169
-0.00000104
-0.00000052
0.00000013
0.00000013
-0.00000026
-0.00000013
-0.00000091
0.00000013
0.00000039
0.00000117
-0.00000026
0.00000000
-0.00000013
-0.00000013
0.00000052
-0.00000065
0.00000000
0.00000117
0.00000078
0.00000078
-0.00000325
0.00000169
