40
0.00000081
0.00000117
0.00000054
0.00000081
0.00000090
-0.00000315
-0.00000171
-0.00000018
-0.00000216
-0.00000171
-0.00000090
-0.00000117
-0.00000144
-0.00000153
-0.00000135
-0.00000162
-0.00000108
-0.00000072
-0.00000108
-0.00000090
-0.00000090
-0.00000099
-0.00000054
0.00000009
-0.00000027
-0.00000009
-0.00000036
-0.00000054
-0.00000009
-0.00000081
0.00000018
-0.00000045
-0.00000027
0.00000171
0.00000117
0.00000108
0.00000162
0.00000171
0.00000261
0.00000045
0.00000117
0.00000169
0.00000078
0.00000117
0.00000130
-0.00000455
-0.00000247
-0.00000026
-0.00000312
-0.00000247
-0.00000130
-0.00000169
-0.00000208
-0.00000221
-0.00000195
-0.00000234
-0.00000156
-0.00000104
-0.00000156
-0.00000130
-0.00000130
-0.00000143
-0.00000078
0.00000013
-0.00000039
-0.00000013
-0.00000052
-0.00000078
-0.00000013
-0.00000117
0.00000026
-0.00000065
-0.00000039
0.00000247
0.00000169
0.00000156
0.00000234
0.00000247
0.00000377
0.00000065
0.00000054
0.00000078
0.00000036
0.00000054
0.00000060
-0.00000210
-0.00000114
-0.00000012
-0.00000144
-0.00000114
-0.00000060
-0.00000078
-0.00000096
-0.00000102
-0.00000090
-0.00000108
-0.00000072
-0.00000048
-0.00000072
-0.00000060
-0.00000060
-0.00000066
-0.00000036
0.00000006
-0.00000018
-0.00000006
-0.00000024
-0.00000036
-0.00000006
-0.00000054
0.00000012
-0.00000030
-0.00000018
0.00000114
0.00000078
0.00000072
0.00000108
0.00000114
0.00000174
0.00000030
0.00000081
0.00000117
0.00000054
0.00000081
0.00000090
-0.00000315
-0.00000171
-0.00000018
-0.00000216
-0.00000171
-0.00000090
-0.00000117
-0.00000144
-0.00000153
-0.00000135
-0.00000162
-0.00000108
-0.00000072
-0.00000108
-0.00000090
-0.00000090
-0.00000099
-0.00000054
0.00000009
-0.00000027
-0.00000009
-0.00000036
-0.00000054
-0.00000009
-0.00000081
0.00000018
-0.00000045
-0.00000027
0.00000171
0.00000117
0.00000108
0.00000162
0.00000171
0.00000261
0.00000045
0.00000090
0.00000130
0.00000060
0.00000090
0.00000100
-0.00000350
-0.00000190
-0.00000020
-0.00000240
-0.00000190
-0.00000100
-0.00000130
-0.00000160
-0.00000170
-0.00000150
-0.00000180
-0.00000120
-0.00000080
-0.00000120
-0.00000100
-0.00000100
-0.00000110
-0.00000060
0.00000010
-0.00000030
-0.00000010
-0.00000040
-0.00000060
-0.00000010
-0.00000090
0.00000020
-0.00000050
-0.00000030
0.00000190
0.00000130
0.00000120
0.00000180
0.00000190
0.00000290
0.00000050
-0.00000315
-0.00000455
-0.00000210
-0.00000315
-0.00000350
0.00001225
0.00000665
0.00000070
0.00000840
0.00000665
0.00000350
0.00000455
0.00000560
0.00000595
0.00000525
0.00000630
0.00000420
0.00000280
0.00000420
0.00000350
0.00000350
0.00000385
0.00000210
-0.00000035
0.00000105
0.00000035
0.00000140
0.00000210
0.00000035
0.00000315
-0.00000070
0.00000175
0.00000105
-0.00000665
-0.00000455
-0.00000420
-0.00000630
-0.00000665
-0.00001015
-0.00000175
-0.00000171
-0.00000247
-0.00000114
-0.00000171
-0.00000190
0.00000665
0.00000361
0.00000038
0.00000456
0.00000361
0.00000190
0.00000247
0.00000304
0.00000323
0.00000285
0.00000342
0.00000228
0.00000152
0.00000228
0.00000190
0.00000190
0.00000209
0.00000114
-0.00000019
0.00000057
0.00000019
0.00000076
0.00000114
0.00000019
0.00000171
-0.00000038
0.00000095
0.00000057
-0.00000361
-0.00000247
-0.00000228
-0.00000342
-0.00000361
-0.00000551
-0.00000095
-0.00000018
-0.00000026
-0.00000012
-0.00000018
-0.00000020
0.00000070
0.00000038
0.00000004
0.00000048
0.00000038
0.00000020
0.00000026
0.00000032
0.00000034
0.00000030
0.00000036
0.00000024
0.00000016
0.00000024
0.00000020
0.00000020
0.00000022
0.00000012
-0.00000002
0.00000006
0.00000002
0.00000008
0.00000012
0.00000002
0.00000018
-0.00000004
0.00000010
0.00000006
-0.00000038
-0.00000026
-0.00000024
-0.00000036
-0.00000038
-0.00000058
-0.00000010
-0.00000216
-0.00000312
-0.00000144
-0.00000216
-0.00000240
0.00000840
0.00000456
0.00000048
0.00000576
0.00000456
0.00000240
0.00000312
0.00000384
0.00000408
0.00000360
0.00000432
0.00000288
0.00000192
0.00000288
0.00000240
0.00000240
0.00000264
0.00000144
-0.00000024
0.00000072
0.00000024
0.00000096
0.00000144
0.00000024
0.00000216
-0.00000048
0.00000120
0.00000072
-0.00000456
-0.00000312
-0.00000288
-0.00000432
-0.00000456
-0.00000696
-0.00000120
-0.00000171
-0.00000247
-0.00000114
-0.00000171
-0.00000190
0.00000665
0.00000361
0.00000038
0.00000456
0.00000361
0.00000190
0.00000247
0.00000304
0.00000323
0.00000285
0.00000342
0.00000228
0.00000152
0.00000228
0.00000190
0.00000190
0.00000209
0.00000114
-0.00000019
0.00000057
0.00000019
0.00000076
0.00000114
0.00000019
0.00000171
-0.00000038
0.00000095
0.00000057
-0.00000361
-0.00000247
-0.00000228
-0.00000342
-0.00000361
-0.00000551
-0.00000095
-0.00000090
-0.00000130
-0.00000060
-0.00000090
-0.00000100
0.00000350
0.00000190
0.00000020
0.00000240
0.00000190
0.00000100
0.00000130
0.00000160
0.00000170
0.00000150
0.00000180
0.00000120
0.00000080
0.00000120
0.00000100
0.00000100
0.00000110
0.00000060
-0.00000010
0.00000030
0.00000010
0.00000040
0.00000060
0.00000010
0.00000090
-0.00000020
0.00000050
0.00000030
-0.00000190
-0.00000130
-0.00000120
-0.00000180
-0.00000190
-0.00000290
-0.00000050
-0.00000117
-0.00000169
-0.00000078
-0.00000117
-0.00000130
0.00000455
0.00000247
0.00000026
0.00000312
0.00000247
0.00000130
0.00000169
0.00000208
0.00000221
0.00000195
0.00000234
0.00000156
0.00000104
0.00000156
0.00000130
0.00000130
0.00000143
0.00000078
-0.00000013
0.00000039
0.00000013
0.00000052
0.00000078
0.00000013
0.00000117
-0.00000026
0.00000065
0.00000039
-0.00000247
-0.00000169
-0.00000156
-0.00000234
-0.00000247
-0.00000377
-0.00000065
-0.00000144
-0.00000208
-0.00000096
-0.00000144
-0.00000160
0.00000560
0.00000304
0.00000032
0.00000384
0.00000304
0.00000160
0.00000208
0.00000256
0.00000272
0.00000240
0.00000288
0.00000192
0.00000128
0.00000192
0.00000160
0.00000160
0.00000176
0.00000096
-0.00000016
0.00000048
0.00000016
0.00000064
0.00000096
0.00000016
0.00000144
-0.00000032
0.00000080
0.00000048
-0.00000304
-0.00000208
-0.00000192
-0.00000288
-0.00000304
-0.00000464
-0.00000080
-0.00000153
-0.00000221
-0.00000102
-0.00000153
-0.00000170
0.00000595
0.00000323
0.00000034
0.00000408
0.00000323
0.00000170
0.00000221
0.00000272
0.00000289
0.00000255
0.00000306
0.00000204
0.00000136
0.00000204
0.00000170
0.00000170
0.00000187
0.00000102
-0.00000017
0.00000051
0.00000017
0.00000068
0.00000102
0.00000017
0.00000153
-0.00000034
0.00000085
0.00000051
-0.00000323
-0.00000221
-0.00000204
-0.00000306
-0.00000323
-0.00000493
-0.00000085
-0.00000135
-0.00000195
-0.00000090
-0.00000135
-0.00000150
0.00000525
0.00000285
0.00000030
0.00000360
0.00000285
0.00000150
0.00000195
0.00000240
0.00000255
0.00000225
0.00000270
0.00000180
0.00000120
0.00000180
0.00000150
0.00000150
0.00000165
0.00000090
-0.00000015
0.00000045
0.00000015
0.00000060
0.00000090
0.00000015
0.00000135
-0.00000030
0.00000075
0.00000045
-0.00000285
-0.00000195
-0.00000180
-0.00000270
-0.00000285
-0.00000435
-0.00000075
-0.00000162
-0.00000234
-0.00000108
-0.00000162
-0.00000180
0.00000630
0.00000342
0.00000036
0.00000432
0.00000342
0.00000180
0.00000234
0.00000288
0.00000306
0.00000270
0.00000324
0.00000216
0.00000144
0.00000216
0.00000180
0.00000180
0.00000198
0.00000108
-0.00000018
0.00000054
0.00000018
0.00000072
0.00000108
0.00000018
0.00000162
-0.00000036
0.00000090
0.00000054
-0.00000342
-0.00000234
-0.00000216
-0.00000324
-0.00000342
-0.00000522
-0.00000090
-0.00000108
-0.00000156
-0.00000072
-0.00000108
-0.00000120
0.00000420
0.00000228
0.00000024
0.00000288
0.00000228
0.00000120
0.00000156
0.00000192
0.00000204
0.00000180
0.00000216
0.00000144
0.00000096
0.00000144
0.00000120
0.00000120
0.00000132
0.00000072
-0.00000012
0.00000036
0.00000012
0.00000048
0.00000072
0.00000012
0.00000108
-0.00000024
0.00000060
0.00000036
-0.00000228
-0.00000156
-0.00000144
-0.00000216
-0.00000228
-0.00000348
-0.00000060
-0.00000072
-0.00000104
-0.00000048
-0.00000072
-0.00000080
0.00000280
0.00000152
0.00000016
0.00000192
0.00000152
0.00000080
0.00000104
0.00000128
0.00000136
0.00000120
0.00000144
0.00000096
0.00000064
0.00000096
0.00000080
0.00000080
0.00000088
0.00000048
-0.00000008
0.00000024
0.00000008
0.00000032
0.00000048
0.00000008
0.00000072
-0.00000016
0.00000040
0.00000024
-0.00000152
-0.00000104
-0.00000096
-0.00000144
-0.00000152
-0.00000232
-0.00000040
-0.00000108
-0.00000156
-0.00000072
-0.00000108
-0.00000120
0.00000420
0.00000228
0.00000024
0.00000288
0.00000228
0.00000120
0.00000156
0.00000192
0.00000204
0.00000180
0.00000216
0.00000144
0.00000096
0.00000144
0.00000120
0.00000120
0.00000132
0.00000072
-0.00000012
0.00000036
0.00000012
0.00000048
0.00000072
0.00000012
0.00000108
-0.00000024
0.00000060
0.00000036
-0.00000228
-0.00000156
-0.00000144
-0.00000216
-0.00000228
-0.00000348
-0.00000060
-0.00000090
-0.00000130
-0.00000060
-0.00000090
-0.00000100
0.00000350
0.00000190
0.00000020
0.00000240
0.00000190
0.00000100
0.00000130
0.00000160
0.00000170
0.00000150
0.00000180
0.00000120
0.00000080
0.00000120
0.00000100
0.00000100
0.00000110
0.00000060
-0.00000010
0.00000030
0.00000010
0.00000040
0.00000060
0.00000010
0.00000090
-0.00000020
0.00000050
0.00000030
-0.00000190
-0.00000130
-0.00000120
-0.00000180
-0.00000190
-0.00000290
-0.00000050
-0.00000090
-0.00000130
-0.00000060
-0.00000090
-0.00000100
0.00000350
0.00000190
0.00000020
0.00000240
0.00000190
0.00000100
0.00000130
0.00000160
0.00000170
0.00000150
0.00000180
0.00000120
0.00000080
0.00000120
0.00000100
0.00000100
0.00000110
0.00000060
-0.00000010
0.00000030
0.00000010
0.00000040
0.00000060
0.00000010
0.00000090
-0.00000020
0.00000050
0.00000030
-0.00000190
-0.00000130
-0.00000120
-0.00000180
-0.00000190
-0.00000290
-0.00000050
-0.00000099
-0.00000143
-0.00000066
-0.00000099
-0.00000110
0.00000385
0.00000209
0.00000022
0.00000264
0.00000209
0.00000110
0.00000143
0.00000176
0.00000187
0.00000165
0.00000198
0.00000132
0.00000088
0.00000132
0.00000110
0.00000110
0.00000121
0.00000066
-0.00000011
0.00000033
0.00000011
0.00000044
0.00000066
0.00000011
0.00000099
-0.00000022
0.00000055
0.00000033
-0.00000209
-0.00000143
-0.00000132
-0.00000198
-0.00000209
-0.00000319
-0.00000055
-0.00000054
-0.00000078
-0.00000036
-0.00000054
-0.00000060
0.00000210
0.00000114
0.00000012
0.00000144
0.00000114
0.00000060
0.00000078
0.00000096
0.00000102
0.00000090
0.00000108
0.00000072
0.00000048
0.00000072
0.00000060
0.00000060
0.00000066
0.00000036
-0.00000006
0.00000018
0.00000006
0.00000024
0.00000036
0.00000006
0.00000054
-0.00000012
0.00000030
0.00000018
-0.00000114
-0.00000078
-0.00000072
-0.00000108
-0.00000114
-0.00000174
-0.00000030
0.00000009
0.00000013
0.00000006
0.00000009
0.00000010
-0.00000035
-0.00000019
-0.00000002
-0.00000024
-0.00000019
-0.00000010
-0.00000013
-0.00000016
-0.00000017
-0.00000015
-0.00000018
-0.00000012
-0.00000008
-0.00000012
-0.00000010
-0.00000010
-0.00000011
-0.00000006
0.00000001
-0.00000003
-0.00000001
-0.00000004
-0.00000006
-0.00000001
-0.00000009
0.00000002
-0.00000005
-0.00000003
0.00000019
0.00000013
0.00000012
0.00000018
0.00000019
0.00000029
0.00000005
-0.00000027
-0.00000039
-0.00000018
-0.00000027
-0.00000030
0.00000105
0.00000057
0.00000006
0.00000072
0.00000057
0.00000030
0.00000039
0.00000048
0.00000051
0.00000045
0.00000054
0.00000036
0.00000024
0.00000036
0.00000030
0.00000030
0.00000033
0.00000018
-0.00000003
0.00000009
0.00000003
0.00000012
0.00000018
0.00000003
0.00000027
-0.00000006
0.00000015
0.00000009
-0.00000057
-0.00000039
-0.00000036
-0.00000054
-0.00000057
-0.00000087
-0.00000015
-0.00000009
-0.00000013
-0.00000006
-0.00000009
-0.00000010
0.00000035
0.00000019
0.00000002
0.00000024
0.00000019
0.00000010
0.00000013
0.00000016
0.00000017
0.00000015
0.00000018
0.00000012
0.00000008
0.00000012
0.00000010
0.00000010
0.00000011
0.00000006
-0.00000001
0.00000003
0.00000001
0.00000004
0.00000006
0.00000001
0.00000009
-0.00000002
0.00000005
0.00000003
-0.00000019
-0.00000013
-0.00000012
-0.00000018
-0.00000019
-0.00000029
-0.00000005
-0.00000036
-0.00000052
-0.00000024
-0.00000036
-0.00000040
0.00000140
0.00000076
0.00000008
0.00000096
0.00000076
0.00000040
0.00000052
0.00000064
0.00000068
0.00000060
0.00000072
0.00000048
0.00000032
0.00000048
0.00000040
0.00000040
0.00000044
0.00000024
-0.00000004
0.00000012
0.00000004
0.00000016
0.00000024
0.00000004
0.00000036
-0.00000008
0.00000020
0.00000012
-0.00000076
-0.00000052
-0.00000048
-0.00000072
-0.00000076
-0.00000116
-0.00000020
-0.00000054
-0.00000078
-0.00000036
-0.00000054
-0.00000060
0.00000210
0.00000114
0.00000012
0.00000144
0.00000114
0.00000060
0.00000078
0.00000096
0.00000102
0.00000090
0.00000108
0.00000072
0.00000048
0.00000072
0.00000060
0.00000060
0.00000066
0.00000036
-0.00000006
0.00000018
0.00000006
0.00000024
0.00000036
0.00000006
0.00000054
-0.00000012
0.00000030
0.00000018
-0.00000114
-0.00000078
-0.00000072
-0.00000108
-0.00000114
-0.00000174
-0.00000030
-0.00000009
-0.00000013
-0.00000006
-0.00000009
-0.00000010
0.00000035
0.00000019
0.00000002
0.00000024
0.00000019
0.00000010
0.00000013
0.00000016
0.00000017
0.00000015
0.00000018
0.00000012
0.00000008
0.00000012
0.00000010
0.00000010
0.00000011
0.00000006
-0.00000001
0.00000003
0.00000001
0.00000004
0.00000006
0.00000001
0.00000009
-0.00000002
0.00000005
0.00000003
-0.00000019
-0.00000013
-0.00000012
-0.00000018
-0.00000019
-0.00000029
-0.00000005
-0.00000081
-0.00000117
-0.00000054
-0.00000081
-0.00000090
0.00000315
0.00000171
0.00000018
0.00000216
0.00000171
0.00000090
0.00000117
0.00000144
0.00000153
0.00000135
0.00000162
0.00000108
0.00000072
0.00000108
0.00000090
0.00000090
0.00000099
0.00000054
-0.00000009
0.00000027
0.00000009
0.00000036
0.00000054
0.00000009
0.00000081
-0.00000018
0.00000045
0.00000027
-0.00000171
-0.00000117
-0.00000108
-0.00000162
-0.00000171
-0.00000261
-0.00000045
0.00000018
0.00000026
0.00000012
0.00000018
0.00000020
-0.00000070
-0.00000038
-0.00000004
-0.00000048
-0.00000038
-0.00000020
-0.00000026
-0.00000032
-0.00000034
-0.00000030
-0.00000036
-0.00000024
-0.00000016
-0.00000024
-0.00000020
-0.00000020
-0.00000022
-0.00000012
0.00000002
-0.00000006
-0.00000002
-0.00000008
-0.00000012
-0.00000002
-0.00000018
0.00000004
-0.00000010
-0.00000006
0.00000038
0.00000026
0.00000024
0.00000036
0.00000038
0.00000058
0.00000010
-0.00000045
-0.00000065
-0.00000030
-0.00000045
-0.00000050
0.00000175
0.00000095
0.00000010
0.00000120
0.00000095
0.00000050
0.00000065
0.00000080
0.00000085
0.00000075
0.00000090
0.00000060
0.00000040
0.00000060
0.00000050
0.00000050
0.00000055
0.00000030
-0.00000005
0.00000015
0.00000005
0.00000020
0.00000030
0.00000005
0.00000045
-0.00000010
0.00000025
0.00000015
-0.00000095
-0.00000065
-0.00000060
-0.00000090
-0.00000095
-0.00000145
-0.00000025
-0.00000027
-0.00000039
-0.00000018
-0.00000027
-0.00000030
0.00000105
0.00000057
0.00000006
0.00000072
0.00000057
0.00000030
0.00000039
0.00000048
0.00000051
0.00000045
0.00000054
0.00000036
0.00000024
0.00000036
0.00000030
0.00000030
0.00000033
0.00000018
-0.00000003
0.00000009
0.00000003
0.00000012
0.00000018
0.00000003
0.00000027
-0.00000006
0.00000015
0.00000009
-0.00000057
-0.00000039
-0.00000036
-0.00000054
-0.00000057
-0.00000087
-0.00000015
0.00000171
0.00000247
0.00000114
0.00000171
0.00000190
-0.00000665
-0.00000361
-0.00000038
-0.00000456
-0.00000361
-0.00000190
-0.00000247
-0.00000304
-0.00000323
-0.00000285
-0.00000342
-0.00000228
-0.00000152
-0.00000228
-0.00000190
-0.00000190
-0.00000209
-0.00000114
0.00000019
-0.00000057
-0.00000019
-0.00000076
-0.00000114
-0.00000019
-0.00000171
0.00000038
-0.00000095
-0.00000057
0.00000361
0.00000247
0.00000228
0.00000342
0.00000361
0.00000551
0.00000095
0.00000117
0.00000169
0.00000078
0.00000117
0.00000130
-0.00000455
-0.00000247
-0.00000026
-0.00000312
-0.00000247
-0.00000130
-0.00000169
-0.00000208
-0.00000221
-0.00000195
-0.00000234
-0.00000156
-0.00000104
-0.00000156
-0.00000130
-0.00000130
-0.00000143
-0.00000078
0.00000013
-0.00000039
-0.00000013
-0.00000052
-0.00000078
-0.00000013
-0.00000117
0.00000026
-0.00000065
-0.00000039
0.00000247
0.00000169
0.00000156
0.00000234
0.00000247
0.00000377
0.00000065
0.00000108
0.00000156
0.00000072
0.00000108
0.00000120
-0.00000420
-0.00000228
-0.00000024
-0.00000288
-0.00000228
-0.00000120
-0.00000156
-0.00000192
-0.00000204
-0.00000180
-0.00000216
-0.00000144
-0.00000096
-0.00000144
-0.00000120
-0.00000120
-0.00000132
-0.00000072
0.00000012
-0.00000036
-0.00000012
-0.00000048
-0.00000072
-0.00000012
-0.00000108
0.00000024
-0.00000060
-0.00000036
0.00000228
0.00000156
0.00000144
0.00000216
0.00000228
0.00000348
0.00000060
0.00000162
0.00000234
0.00000108
0.00000162
0.00000180
-0.00000630
-0.00000342
-0.00000036
-0.00000432
-0.00000342
-0.00000180
-0.00000234
-0.00000288
-0.00000306
-0.00000270
-0.00000324
-0.00000216
-0.00000144
-0.00000216
-0.00000180
-0.00000180
-0.00000198
-0.00000108
0.00000018
-0.00000054
-0.00000018
-0.00000072
-0.00000108
-0.00000018
-0.00000162
0.00000036
-0.00000090
-0.00000054
0.00000342
0.00000234
0.00000216
0.00000324
0.00000342
0.00000522
0.00000090
0.00000171
0.00000247
0.00000114
0.00000171
0.00000190
-0.00000665
-0.00000361
-0.00000038
-0.00000456
-0.00000361
-0.00000190
-0.00000247
-0.00000304
-0.00000323
-0.00000285
-0.00000342
-0.00000228
-0.00000152
-0.00000228
-0.00000190
-0.00000190
-0.00000209
-0.00000114
0.00000019
-0.00000057
-0.00000019
-0.00000076
-0.00000114
-0.00000019
-0.00000171
0.00000038
-0.00000095
-0.00000057
0.00000361
0.00000247
0.00000228
0.00000342
0.00000361
0.00000551
0.00000095
0.00000261
0.00000377
0.00000174
0.00000261
0.00000290
-0.00001015
-0.00000551
-0.00000058
-0.00000696
-0.00000551
-0.00000290
-0.00000377
-0.00000464
-0.00000493
-0.00000435
-0.00000522
-0.00000348
-0.00000232
-0.00000348
-0.00000290
-0.00000290
-0.00000319
-0.00000174
0.00000029
-0.00000087
-0.00000029
-0.00000116
-0.00000174
-0.00000029
-0.00000261
0.00000058
-0.00000145
-0.00000087
0.00000551
0.00000377
0.00000348
0.00000522
0.00000551
0.00000841
0.00000145
0.00000045
0.00000065
0.00000030
0.00000045
0.00000050
-0.00000175
-0.00000095
-0.00000010
-0.00000120
-0.00000095
-0.00000050
-0.00000065
-0.00000080
-0.00000085
-0.00000075
-0.00000090
-0.00000060
-0.00000040
-0.00000060
-0.00000050
-0.00000050
-0.00000055
-0.00000030
0.00000005
-0.00000015
-0.00000005
-0.00000020
-0.00000030
-0.00000005
-0.00000045
0.00000010
-0.00000025
-0.00000015
0.00000095
0.00000065
0.00000060
0.00000090
0.00000095
0.00000145
0.00000025
