40
0.00098360
0.00098278
0.00099071
0.00098140
0.00099445
0.00040144
0.00007836
0.00000917
0.00001279
0.00000703
0.00000424
0.00000566
0.00000723
0.00000890
0.00001143
0.00001232
0.00001495
0.00001737
0.00001580
0.00001486
0.00001718
0.00001340
0.00000701
0.00000040
-0.00000154
-0.00000050
-0.00000190
0.00000357
-0.00000334
-0.00000656
-0.00000638
-0.00001473
-0.00001667
-0.00001343
-0.00002867
-0.00003360
-0.00001879
-0.00001336
-0.00007427
0.00077330
0.00098278
0.00098288
0.00099072
0.00098367
0.00099626
0.00040268
0.00007984
0.00000860
0.00001503
0.00000723
0.00000352
0.00000504
0.00000679
0.00000857
0.00001130
0.00001247
0.00001546
0.00001793
0.00001679
0.00001534
0.00001721
0.00001353
0.00000736
0.00000122
-0.00000040
0.00000102
-0.00000024
0.00000465
-0.00000122
-0.00000478
-0.00000452
-0.00001528
-0.00001914
-0.00001603
-0.00003085
-0.00003454
-0.00001993
-0.00001994
-0.00007601
0.00069991
0.00099071
0.00099072
0.00100017
0.00099379
0.00100599
0.00041106
0.00007967
0.00000468
0.00001640
0.00000747
0.00000300
0.00000589
0.00000766
0.00000911
0.00001153
0.00001280
0.00001515
0.00001647
0.00001603
0.00001427
0.00001595
0.00001276
0.00000660
0.00000061
-0.00000051
0.00000136
0.00000064
0.00000590
-0.00000022
-0.00000307
-0.00000394
-0.00001441
-0.00001888
-0.00001849
-0.00003234
-0.00003444
-0.00002326
-0.00002288
-0.00008148
0.00067354
0.00098140
0.00098367
0.00099379
0.00099423
0.00100511
0.00041291
0.00008136
-0.00000034
0.00002329
0.00000976
0.00000271
0.00000698
0.00000899
0.00001021
0.00001247
0.00001426
0.00001689
0.00001791
0.00001859
0.00001453
0.00001451
0.00001271
0.00000715
0.00000283
0.00000350
0.00000584
0.00000558
0.00000934
0.00000637
0.00000346
0.00000146
-0.00001440
-0.00002484
-0.00002710
-0.00004051
-0.00003874
-0.00002995
-0.00004268
-0.00009187
0.00046998
0.00099445
0.00099626
0.00100599
0.00100511
0.00102215
0.00042149
0.00008419
0.00000298
0.00002208
0.00000949
0.00000333
0.00000656
0.00000890
0.00001073
0.00001355
0.00001572
0.00001885
0.00001995
0.00001917
0.00001484
0.00001432
0.00001134
0.00000520
-0.00000028
-0.00000008
0.00000321
0.00000381
0.00000845
0.00000501
0.00000297
0.00000286
-0.00001289
-0.00002252
-0.00002419
-0.00004216
-0.00004030
-0.00002344
-0.00003794
-0.00011221
0.00070205
0.00040144
0.00040268
0.00041106
0.00041291
0.00042149
0.00039831
0.00019433
0.00012746
0.00011010
0.00006934
0.00001644
0.00001613
0.00002696
0.00003496
0.00004619
0.00006442
0.00008732
0.00007556
0.00007633
0.00007404
0.00007450
0.00006059
0.00003420
0.00001215
0.00000023
0.00001181
0.00001557
0.00001478
-0.00001119
-0.00000477
0.00000211
-0.00002609
-0.00003528
-0.00005399
-0.00004702
-0.00004591
0.00007778
-0.00008911
-0.00003367
-0.00051773
0.00007836
0.00007984
0.00007967
0.00008136
0.00008419
0.00019433
0.00019482
0.00015521
0.00010176
0.00006055
0.00000907
-0.00001766
-0.00000743
0.00000567
0.00001842
0.00004169
0.00006846
0.00007634
0.00007961
0.00007913
0.00007773
0.00006255
0.00003837
0.00000669
-0.00000295
0.00000357
0.00001768
0.00000286
-0.00002518
-0.00002565
-0.00001094
-0.00002493
-0.00002554
-0.00003960
-0.00001737
-0.00001811
0.00013364
-0.00006127
0.00009674
-0.00102556
0.00000917
0.00000860
0.00000468
-0.00000034
0.00000298
0.00012746
0.00015521
0.00014902
0.00007593
0.00005502
0.00001971
-0.00000321
0.00000042
0.00000846
0.00001637
0.00003318
0.00005994
0.00006961
0.00006664
0.00006633
0.00006415
0.00004975
0.00002980
0.00000059
-0.00000859
-0.00000394
0.00000911
-0.00000271
-0.00003103
-0.00003449
-0.00001923
-0.00002038
-0.00000886
-0.00001533
0.00000403
-0.00000798
0.00011384
-0.00002621
0.00011592
-0.00070963
0.00001279
0.00001503
0.00001640
0.00002329
0.00002208
0.00011010
0.00010176
0.00007593
0.00007852
0.00005443
0.00001852
0.00001351
0.00001854
0.00002097
0.00002622
0.00003760
0.00005219
0.00005420
0.00005664
0.00004987
0.00004838
0.00004161
0.00002486
0.00000675
0.00000311
0.00001010
0.00002031
0.00001820
0.00000004
-0.00000075
0.00000146
-0.00001333
-0.00001778
-0.00003757
-0.00002559
-0.00003359
0.00002629
-0.00008181
0.00000568
-0.00088394
0.00000703
0.00000723
0.00000747
0.00000976
0.00000949
0.00006934
0.00006055
0.00005502
0.00005443
0.00005707
0.00003822
0.00004143
0.00003729
0.00003135
0.00002908
0.00003302
0.00004781
0.00005095
0.00004879
0.00003947
0.00003531
0.00003161
0.00001974
0.00000279
0.00000133
0.00000616
0.00001876
0.00001797
-0.00000426
-0.00000915
-0.00000984
-0.00000723
0.00000061
-0.00002305
-0.00001395
-0.00002801
-0.00001293
-0.00005483
-0.00000126
-0.00049111
0.00000424
0.00000352
0.00000300
0.00000271
0.00000333
0.00001644
0.00000907
0.00001971
0.00001852
0.00003822
0.00004403
0.00005213
0.00004280
0.00003246
0.00002358
0.00001958
0.00002617
0.00002716
0.00002257
0.00001555
0.00000951
0.00001006
0.00000955
0.00000276
0.00000558
0.00000524
0.00001235
0.00000969
-0.00000303
-0.00000993
-0.00001365
0.00000132
0.00001177
-0.00000684
-0.00000460
-0.00001369
-0.00004820
-0.00001850
-0.00001379
-0.00010740
0.00000566
0.00000504
0.00000589
0.00000698
0.00000656
0.00001613
-0.00001766
-0.00000321
0.00001351
0.00004143
0.00005213
0.00007218
0.00005950
0.00004404
0.00003176
0.00002339
0.00002839
0.00002514
0.00001960
0.00001004
0.00000349
0.00000654
0.00000768
0.00000490
0.00000895
0.00000936
0.00001539
0.00001729
0.00000485
-0.00000260
-0.00001163
0.00000373
0.00001406
-0.00000948
-0.00001094
-0.00002181
-0.00008961
-0.00002777
-0.00005500
0.00003342
0.00000723
0.00000679
0.00000766
0.00000899
0.00000890
0.00002696
-0.00000743
0.00000042
0.00001854
0.00003729
0.00004280
0.00005950
0.00005247
0.00004106
0.00003250
0.00002653
0.00002890
0.00002332
0.00001873
0.00001122
0.00000681
0.00000833
0.00000813
0.00000710
0.00000943
0.00000972
0.00001144
0.00001490
0.00000733
0.00000346
-0.00000416
0.00000186
0.00000562
-0.00001219
-0.00001548
-0.00002416
-0.00007371
-0.00003294
-0.00006292
0.00006476
0.00000890
0.00000857
0.00000911
0.00001021
0.00001073
0.00003496
0.00000567
0.00000846
0.00002097
0.00003135
0.00003246
0.00004404
0.00004106
0.00003438
0.00002931
0.00002629
0.00002793
0.00002217
0.00001869
0.00001339
0.00001039
0.00001024
0.00000876
0.00000778
0.00000867
0.00000859
0.00000786
0.00001071
0.00000641
0.00000516
-0.00000023
-0.00000057
-0.00000127
-0.00001311
-0.00001659
-0.00002178
-0.00004904
-0.00002963
-0.00005421
0.00012787
0.00001143
0.00001130
0.00001153
0.00001247
0.00001355
0.00004619
0.00001842
0.00001637
0.00002622
0.00002908
0.00002358
0.00003176
0.00003250
0.00002931
0.00002804
0.00002793
0.00003042
0.00002460
0.00002196
0.00001780
0.00001650
0.00001442
0.00001016
0.00000791
0.00000660
0.00000753
0.00000591
0.00001002
0.00000644
0.00000712
0.00000380
-0.00000372
-0.00000753
-0.00001506
-0.00001865
-0.00002324
-0.00002918
-0.00003240
-0.00005244
0.00019487
0.00001232
0.00001247
0.00001280
0.00001426
0.00001572
0.00006442
0.00004169
0.00003318
0.00003760
0.00003302
0.00001958
0.00002339
0.00002653
0.00002629
0.00002793
0.00003190
0.00003786
0.00003359
0.00003197
0.00002789
0.00002676
0.00002246
0.00001456
0.00000776
0.00000489
0.00000695
0.00000763
0.00001049
0.00000405
0.00000522
0.00000377
-0.00000768
-0.00001290
-0.00002085
-0.00002117
-0.00002353
-0.00000611
-0.00003672
-0.00004105
0.00022585
0.00001495
0.00001546
0.00001515
0.00001689
0.00001885
0.00008732
0.00006846
0.00005994
0.00005219
0.00004781
0.00002617
0.00002839
0.00002890
0.00002793
0.00003042
0.00003786
0.00005466
0.00005532
0.00005273
0.00004559
0.00004246
0.00003583
0.00002213
0.00000547
0.00000095
0.00000555
0.00001457
0.00001551
-0.00000224
-0.00000479
-0.00000421
-0.00001330
-0.00001259
-0.00002620
-0.00002085
-0.00002601
0.00001064
-0.00004154
-0.00001814
0.00029971
0.00001737
0.00001793
0.00001647
0.00001791
0.00001995
0.00007556
0.00007634
0.00006961
0.00005420
0.00005095
0.00002716
0.00002514
0.00002332
0.00002217
0.00002460
0.00003359
0.00005532
0.00006328
0.00006087
0.00005198
0.00004778
0.00004116
0.00002524
0.00000253
-0.00000126
0.00000350
0.00001881
0.00001701
-0.00000671
-0.00001286
-0.00001138
-0.00001492
-0.00000928
-0.00002573
-0.00001701
-0.00002500
0.00002026
-0.00003858
0.00000778
0.00025497
0.00001580
0.00001679
0.00001603
0.00001859
0.00001917
0.00007633
0.00007961
0.00006664
0.00005664
0.00004879
0.00002257
0.00001960
0.00001873
0.00001869
0.00002196
0.00003197
0.00005273
0.00006087
0.00006121
0.00005309
0.00004951
0.00004292
0.00002705
0.00000417
0.00000055
0.00000566
0.00002174
0.00001859
-0.00000515
-0.00001134
-0.00001053
-0.00001563
-0.00001183
-0.00003051
-0.00001972
-0.00002499
0.00002168
-0.00004499
0.00000976
0.00009242
0.00001486
0.00001534
0.00001427
0.00001453
0.00001484
0.00007404
0.00007913
0.00006633
0.00004987
0.00003947
0.00001555
0.00001004
0.00001122
0.00001339
0.00001780
0.00002789
0.00004559
0.00005198
0.00005309
0.00004882
0.00004694
0.00004006
0.00002603
0.00000626
0.00000178
0.00000536
0.00001738
0.00001293
-0.00000718
-0.00001203
-0.00001006
-0.00001547
-0.00001299
-0.00002634
-0.00001672
-0.00001933
0.00003335
-0.00003384
0.00001825
0.00007221
0.00001718
0.00001721
0.00001595
0.00001451
0.00001432
0.00007450
0.00007773
0.00006415
0.00004838
0.00003531
0.00000951
0.00000349
0.00000681
0.00001039
0.00001650
0.00002676
0.00004246
0.00004778
0.00004951
0.00004694
0.00004739
0.00004009
0.00002542
0.00000712
0.00000122
0.00000495
0.00001442
0.00001200
-0.00000682
-0.00001012
-0.00000768
-0.00001595
-0.00001444
-0.00002450
-0.00001597
-0.00002041
0.00003780
-0.00003355
0.00001723
0.00001629
0.00001340
0.00001353
0.00001276
0.00001271
0.00001134
0.00006059
0.00006255
0.00004975
0.00004161
0.00003161
0.00001006
0.00000654
0.00000833
0.00001024
0.00001442
0.00002246
0.00003583
0.00004116
0.00004292
0.00004006
0.00004009
0.00003762
0.00002494
0.00001107
0.00000797
0.00000862
0.00001583
0.00001155
-0.00000380
-0.00000756
-0.00000866
-0.00001267
-0.00001352
-0.00002415
-0.00002157
-0.00002449
0.00002538
-0.00003281
0.00000779
-0.00003087
0.00000701
0.00000736
0.00000660
0.00000715
0.00000520
0.00003420
0.00003837
0.00002980
0.00002486
0.00001974
0.00000955
0.00000768
0.00000813
0.00000876
0.00001016
0.00001456
0.00002213
0.00002524
0.00002705
0.00002603
0.00002542
0.00002494
0.00001913
0.00001210
0.00001122
0.00000949
0.00001283
0.00000682
-0.00000154
-0.00000547
-0.00000752
-0.00000802
-0.00001010
-0.00001812
-0.00001754
-0.00001580
0.00000974
-0.00002133
0.00000327
-0.00005415
0.00000040
0.00000122
0.00000061
0.00000283
-0.00000028
0.00001215
0.00000669
0.00000059
0.00000675
0.00000279
0.00000276
0.00000490
0.00000710
0.00000778
0.00000791
0.00000776
0.00000547
0.00000253
0.00000417
0.00000626
0.00000712
0.00001107
0.00001210
0.00001875
0.00001987
0.00001404
0.00000617
0.00000069
0.00000659
0.00000583
0.00000124
-0.00000272
-0.00001342
-0.00001247
-0.00002206
-0.00001582
-0.00000762
-0.00001683
-0.00002395
-0.00011370
-0.00000154
-0.00000040
-0.00000051
0.00000350
-0.00000008
0.00000023
-0.00000295
-0.00000859
0.00000311
0.00000133
0.00000558
0.00000895
0.00000943
0.00000867
0.00000660
0.00000489
0.00000095
-0.00000126
0.00000055
0.00000178
0.00000122
0.00000797
0.00001122
0.00001987
0.00002393
0.00001620
0.00000837
0.00000082
0.00000903
0.00000739
0.00000022
0.00000019
-0.00001168
-0.00001312
-0.00002486
-0.00001703
-0.00002064
-0.00001800
-0.00002911
-0.00016403
-0.00000050
0.00000102
0.00000136
0.00000584
0.00000321
0.00001181
0.00000357
-0.00000394
0.00001010
0.00000616
0.00000524
0.00000936
0.00000972
0.00000859
0.00000753
0.00000695
0.00000555
0.00000350
0.00000566
0.00000536
0.00000495
0.00000862
0.00000949
0.00001404
0.00001620
0.00001328
0.00000970
0.00000551
0.00000865
0.00000689
0.00000191
-0.00000127
-0.00000977
-0.00001444
-0.00002052
-0.00001603
-0.00001993
-0.00002630
-0.00002862
-0.00026144
-0.00000190
-0.00000024
0.00000064
0.00000558
0.00000381
0.00001557
0.00001768
0.00000911
0.00002031
0.00001876
0.00001235
0.00001539
0.00001144
0.00000786
0.00000591
0.00000763
0.00001457
0.00001881
0.00002174
0.00001738
0.00001442
0.00001583
0.00001283
0.00000617
0.00000837
0.00000970
0.00001891
0.00001367
0.00000359
-0.00000274
-0.00000674
-0.00000311
-0.00000217
-0.00001885
-0.00001531
-0.00001416
-0.00001858
-0.00003302
-0.00001036
-0.00031720
0.00000357
0.00000465
0.00000590
0.00000934
0.00000845
0.00001478
0.00000286
-0.00000271
0.00001820
0.00001797
0.00000969
0.00001729
0.00001490
0.00001071
0.00001002
0.00001049
0.00001551
0.00001701
0.00001859
0.00001293
0.00001200
0.00001155
0.00000682
0.00000069
0.00000082
0.00000551
0.00001367
0.00001759
0.00000806
0.00000448
0.00000038
-0.00000275
-0.00000126
-0.00001512
-0.00001222
-0.00001772
-0.00003273
-0.00003627
-0.00003510
-0.00009046
-0.00000334
-0.00000122
-0.00000022
0.00000637
0.00000501
-0.00001119
-0.00002518
-0.00003103
0.00000004
-0.00000426
-0.00000303
0.00000485
0.00000733
0.00000641
0.00000644
0.00000405
-0.00000224
-0.00000671
-0.00000515
-0.00000718
-0.00000682
-0.00000380
-0.00000154
0.00000659
0.00000903
0.00000865
0.00000359
0.00000806
0.00001869
0.00002040
0.00001437
0.00000152
-0.00001118
-0.00001031
-0.00001864
-0.00001582
-0.00003964
-0.00002833
-0.00006347
0.00010913
-0.00000656
-0.00000478
-0.00000307
0.00000346
0.00000297
-0.00000477
-0.00002565
-0.00003449
-0.00000075
-0.00000915
-0.00000993
-0.00000260
0.00000346
0.00000516
0.00000712
0.00000522
-0.00000479
-0.00001286
-0.00001134
-0.00001203
-0.00001012
-0.00000756
-0.00000547
0.00000583
0.00000739
0.00000689
-0.00000274
0.00000448
0.00002040
0.00002696
0.00002157
0.00000270
-0.00001442
-0.00000868
-0.00001939
-0.00001598
-0.00003119
-0.00002839
-0.00007346
0.00013762
-0.00000638
-0.00000452
-0.00000394
0.00000146
0.00000286
0.00000211
-0.00001094
-0.00001923
0.00000146
-0.00000984
-0.00001365
-0.00001163
-0.00000416
-0.00000023
0.00000380
0.00000377
-0.00000421
-0.00001138
-0.00001053
-0.00001006
-0.00000768
-0.00000866
-0.00000752
0.00000124
0.00000022
0.00000191
-0.00000674
0.00000038
0.00001437
0.00002157
0.00002212
0.00000123
-0.00001309
-0.00000351
-0.00001030
-0.00000841
-0.00000650
-0.00002323
-0.00004986
-0.00000343
-0.00001473
-0.00001528
-0.00001441
-0.00001440
-0.00001289
-0.00002609
-0.00002493
-0.00002038
-0.00001333
-0.00000723
0.00000132
0.00000373
0.00000186
-0.00000057
-0.00000372
-0.00000768
-0.00001330
-0.00001492
-0.00001563
-0.00001547
-0.00001595
-0.00001267
-0.00000802
-0.00000272
0.00000019
-0.00000127
-0.00000311
-0.00000275
0.00000152
0.00000270
0.00000123
0.00000818
0.00000951
0.00000807
0.00000381
0.00000229
-0.00001857
0.00000448
-0.00001279
-0.00018440
-0.00001667
-0.00001914
-0.00001888
-0.00002484
-0.00002252
-0.00003528
-0.00002554
-0.00000886
-0.00001778
0.00000061
0.00001177
0.00001406
0.00000562
-0.00000127
-0.00000753
-0.00001290
-0.00001259
-0.00000928
-0.00001183
-0.00001299
-0.00001444
-0.00001352
-0.00001010
-0.00001342
-0.00001168
-0.00000977
-0.00000217
-0.00000126
-0.00001118
-0.00001442
-0.00001309
0.00000951
0.00002881
0.00001957
0.00002488
0.00001230
-0.00002095
0.00002054
0.00002707
-0.00034710
-0.00001343
-0.00001603
-0.00001849
-0.00002710
-0.00002419
-0.00005399
-0.00003960
-0.00001533
-0.00003757
-0.00002305
-0.00000684
-0.00000948
-0.00001219
-0.00001311
-0.00001506
-0.00002085
-0.00002620
-0.00002573
-0.00003051
-0.00002634
-0.00002450
-0.00002415
-0.00001812
-0.00001247
-0.00001312
-0.00001444
-0.00001885
-0.00001512
-0.00001031
-0.00000868
-0.00000351
0.00000807
0.00001957
0.00003462
0.00003112
0.00002153
0.00000593
0.00004994
0.00003405
0.00013297
-0.00002867
-0.00003085
-0.00003234
-0.00004051
-0.00004216
-0.00004702
-0.00001737
0.00000403
-0.00002559
-0.00001395
-0.00000460
-0.00001094
-0.00001548
-0.00001659
-0.00001865
-0.00002117
-0.00002085
-0.00001701
-0.00001972
-0.00001672
-0.00001597
-0.00002157
-0.00001754
-0.00002206
-0.00002486
-0.00002052
-0.00001531
-0.00001222
-0.00001864
-0.00001939
-0.00001030
0.00000381
0.00002488
0.00003112
0.00005013
0.00003914
0.00001929
0.00004798
0.00009313
-0.00025599
-0.00003360
-0.00003454
-0.00003444
-0.00003874
-0.00004030
-0.00004591
-0.00001811
-0.00000798
-0.00003359
-0.00002801
-0.00001369
-0.00002181
-0.00002416
-0.00002178
-0.00002324
-0.00002353
-0.00002601
-0.00002500
-0.00002499
-0.00001933
-0.00002041
-0.00002449
-0.00001580
-0.00001582
-0.00001703
-0.00001603
-0.00001416
-0.00001772
-0.00001582
-0.00001598
-0.00000841
0.00000229
0.00001230
0.00002153
0.00003914
0.00005518
0.00003935
0.00006971
0.00007882
0.00035784
-0.00001879
-0.00001993
-0.00002326
-0.00002995
-0.00002344
0.00007778
0.00013364
0.00011384
0.00002629
-0.00001293
-0.00004820
-0.00008961
-0.00007371
-0.00004904
-0.00002918
-0.00000611
0.00001064
0.00002026
0.00002168
0.00003335
0.00003780
0.00002538
0.00000974
-0.00000762
-0.00002064
-0.00001993
-0.00001858
-0.00003273
-0.00003964
-0.00003119
-0.00000650
-0.00001857
-0.00002095
0.00000593
0.00001929
0.00003935
0.00023270
0.00005846
0.00015867
0.00011735
-0.00001336
-0.00001994
-0.00002288
-0.00004268
-0.00003794
-0.00008911
-0.00006127
-0.00002621
-0.00008181
-0.00005483
-0.00001850
-0.00002777
-0.00003294
-0.00002963
-0.00003240
-0.00003672
-0.00004154
-0.00003858
-0.00004499
-0.00003384
-0.00003355
-0.00003281
-0.00002133
-0.00001683
-0.00001800
-0.00002630
-0.00003302
-0.00003627
-0.00002833
-0.00002839
-0.00002323
0.00000448
0.00002054
0.00004994
0.00004798
0.00006971
0.00005846
0.00017359
0.00008174
0.00223866
-0.00007427
-0.00007601
-0.00008148
-0.00009187
-0.00011221
-0.00003367
0.00009674
0.00011592
0.00000568
-0.00000126
-0.00001379
-0.00005500
-0.00006292
-0.00005421
-0.00005244
-0.00004105
-0.00001814
0.00000778
0.00000976
0.00001825
0.00001723
0.00000779
0.00000327
-0.00002395
-0.00002911
-0.00002862
-0.00001036
-0.00003510
-0.00006347
-0.00007346
-0.00004986
-0.00001279
0.00002707
0.00003405
0.00009313
0.00007882
0.00015867
0.00008174
0.00039821
-0.00204290
0.00077330
0.00069991
0.00067354
0.00046998
0.00070205
-0.00051773
-0.00102556
-0.00070963
-0.00088394
-0.00049111
-0.00010740
0.00003342
0.00006476
0.00012787
0.00019487
0.00022585
0.00029971
0.00025497
0.00009242
0.00007221
0.00001629
-0.00003087
-0.00005415
-0.00011370
-0.00016403
-0.00026144
-0.00031720
-0.00009046
0.00010913
0.00013762
-0.00000343
-0.00018440
-0.00034710
0.00013297
-0.00025599
0.00035784
0.00011735
0.00223866
-0.00204290
0.08953604
