#name zcmb zhel dz mb dmb x1 dx1 color dcolor 3rdvar d3rdvar cov_m_s cov_m_c cov_s_c set ra dec biascor 
0 0.013 0.013 0.0 14.415549068254574 0.0088 0 0 0 0 0 0 0 0 0 0 0 0
1 0.0192 0.0192 0.0 15.285468846552705 0.0097 0 0 0 0 0 0 0 0 0 0 0 0
2 0.0258 0.0258 0.0 15.9212374412392 0.0129 0 0 0 0 0 0 0 0 0 0 0 0
3 0.0323 0.0323 0.0 16.437366654733555 0.0197 0 0 0 0 0 0 0 0 0 0 0 0
4 0.0397 0.0397 0.0 16.8989297736178 0.0254 0 0 0 0 0 0 0 0 0 0 0 0
5 0.0485 0.0485 0.0 17.306443982225183 0.0444 0 0 0 0 0 0 0 0 0 0 0 0
6 0.0546 0.0546 0.0 17.598762873339616 0.0437 0 0 0 0 0 0 0 0 0 0 0 0
7 0.0673 0.0673 0.0 18.092305130728928 0.0906 0 0 0 0 0 0 0 0 0 0 0 0
8 0.068 0.068 0.0 18.191923976519092 0.1184 0 0 0 0 0 0 0 0 0 0 0 0
9 0.1128 0.1128 0.0 19.33593695995351 0.091 0 0 0 0 0 0 0 0 0 0 0 0
10 0.1133 0.1133 0.0 19.3231432532865 0.0819 0 0 0 0 0 0 0 0 0 0 0 0
11 0.1268 0.1268 0.0 19.66616288748266 0.0837 0 0 0 0 0 0 0 0 0 0 0 0
12 0.1393 0.1393 0.0 19.783287192820787 0.0589 0 0 0 0 0 0 0 0 0 0 0 0
13 0.1667 0.1667 0.0 20.23778341970334 0.0577 0 0 0 0 0 0 0 0 0 0 0 0
14 0.1814 0.1814 0.0 20.409941102749375 0.0449 0 0 0 0 0 0 0 0 0 0 0 0
15 0.1978 0.1978 0.0 20.816477524053063 0.057 0 0 0 0 0 0 0 0 0 0 0 0
16 0.2079 0.2079 0.0 20.712331508591088 0.0353 0 0 0 0 0 0 0 0 0 0 0 0
17 0.2207 0.2207 0.0 20.86678293004148 0.0307 0 0 0 0 0 0 0 0 0 0 0 0
18 0.2382 0.2382 0.0 21.05689090214744 0.0252 0 0 0 0 0 0 0 0 0 0 0 0
19 0.2592 0.2592 0.0 21.22480857159159 0.0222 0 0 0 0 0 0 0 0 0 0 0 0
20 0.2773 0.2773 0.0 21.343114929616046 0.033 0 0 0 0 0 0 0 0 0 0 0 0
21 0.2957 0.2957 0.0 21.540696730441642 0.027 0 0 0 0 0 0 0 0 0 0 0 0
22 0.319 0.319 0.0 21.74679878361446 0.0228 0 0 0 0 0 0 0 0 0 0 0 0
23 0.3431 0.3431 0.0 21.985530009217204 0.0232 0 0 0 0 0 0 0 0 0 0 0 0
24 0.3729 0.3729 0.0 22.183968382557016 0.0143 0 0 0 0 0 0 0 0 0 0 0 0
25 0.4051 0.4051 0.0 22.34737085236262 0.0156 0 0 0 0 0 0 0 0 0 0 0 0
26 0.4364 0.4364 0.0 22.55868411820085 0.0152 0 0 0 0 0 0 0 0 0 0 0 0
27 0.4742 0.4742 0.0 22.774570666637516 0.0116 0 0 0 0 0 0 0 0 0 0 0 0
28 0.5243 0.5243 0.0 23.026158457153194 0.0109 0 0 0 0 0 0 0 0 0 0 0 0
29 0.5747 0.5747 0.0 23.26406057745394 0.0111 0 0 0 0 0 0 0 0 0 0 0 0
30 0.6413 0.6413 0.0 23.557861716008784 0.0098 0 0 0 0 0 0 0 0 0 0 0 0
31 0.7105 0.7105 0.0 23.838460935097615 0.0095 0 0 0 0 0 0 0 0 0 0 0 0
32 0.8167 0.8167 0.0 24.179831104223496 0.0094 0 0 0 0 0 0 0 0 0 0 0 0
33 0.9622 0.9622 0.0 24.635477397164518 0.0107 0 0 0 0 0 0 0 0 0 0 0 0
34 1.1181 1.1181 0.0 25.04594032613498 0.0194 0 0 0 0 0 0 0 0 0 0 0 0
