#name zcmb zhel dz mb dmb x1 dx1 color dcolor 3rdvar d3rdvar cov_m_s cov_m_c cov_s_c set ra dec biascor
name0 0.013 0.013 0.0 33.844711 0.0088 0 0 0 0 0 0 0 0 0 0 0 0
name1 0.0192 0.0192 0.0 34.701496 0.0097 0 0 0 0 0 0 0 0 0 0 0 0
name2 0.0258 0.0258 0.0 35.353629 0.0129 0 0 0 0 0 0 0 0 0 0 0 0
name3 0.0323 0.0323 0.0 35.851822 0.0197 0 0 0 0 0 0 0 0 0 0 0 0
name4 0.0397 0.0397 0.0 36.311345 0.0254 0 0 0 0 0 0 0 0 0 0 0 0
name5 0.0485 0.0485 0.0 36.759711 0.0444 0 0 0 0 0 0 0 0 0 0 0 0
name6 0.0546 0.0546 0.0 37.026296 0.0437 0 0 0 0 0 0 0 0 0 0 0 0
name7 0.0673 0.0673 0.0 37.499569 0.0906 0 0 0 0 0 0 0 0 0 0 0 0
name8 0.068 0.068 0.0 37.523084 0.1184 0 0 0 0 0 0 0 0 0 0 0 0
name9 0.1128 0.1128 0.0 38.686854 0.091 0 0 0 0 0 0 0 0 0 0 0 0
name10 0.1133 0.1133 0.0 38.697158 0.0819 0 0 0 0 0 0 0 0 0 0 0 0
name11 0.1268 0.1268 0.0 38.960305 0.0837 0 0 0 0 0 0 0 0 0 0 0 0
name12 0.1393 0.1393 0.0 39.181463 0.0589 0 0 0 0 0 0 0 0 0 0 0 0
name13 0.1667 0.1667 0.0 39.607614 0.0577 0 0 0 0 0 0 0 0 0 0 0 0
name14 0.1814 0.1814 0.0 39.809994 0.0449 0 0 0 0 0 0 0 0 0 0 0 0
name15 0.1978 0.1978 0.0 40.018545 0.057 0 0 0 0 0 0 0 0 0 0 0 0
name16 0.2079 0.2079 0.0 40.139147 0.0353 0 0 0 0 0 0 0 0 0 0 0 0
name17 0.2207 0.2207 0.0 40.284432 0.0307 0 0 0 0 0 0 0 0 0 0 0 0
name18 0.2382 0.2382 0.0 40.470950 0.0252 0 0 0 0 0 0 0 0 0 0 0 0
name19 0.2592 0.2592 0.0 40.678762 0.0222 0 0 0 0 0 0 0 0 0 0 0 0
name20 0.2773 0.2773 0.0 40.845778 0.033 0 0 0 0 0 0 0 0 0 0 0 0
name21 0.2957 0.2957 0.0 41.005568 0.027 0 0 0 0 0 0 0 0 0 0 0 0
name22 0.319 0.319 0.0 41.195256 0.0228 0 0 0 0 0 0 0 0 0 0 0 0
name23 0.3431 0.3431 0.0 41.378471 0.0232 0 0 0 0 0 0 0 0 0 0 0 0
name24 0.3729 0.3729 0.0 41.589269 0.0143 0 0 0 0 0 0 0 0 0 0 0 0
name25 0.4051 0.4051 0.0 41.800222 0.0156 0 0 0 0 0 0 0 0 0 0 0 0
name26 0.4364 0.4364 0.0 41.990894 0.0152 0 0 0 0 0 0 0 0 0 0 0 0
name27 0.4742 0.4742 0.0 42.204914 0.0116 0 0 0 0 0 0 0 0 0 0 0 0
name28 0.5243 0.5243 0.0 42.465288 0.0109 0 0 0 0 0 0 0 0 0 0 0 0
name29 0.5747 0.5747 0.0 42.704684 0.0111 0 0 0 0 0 0 0 0 0 0 0 0
name30 0.6413 0.6413 0.0 42.992326 0.0098 0 0 0 0 0 0 0 0 0 0 0 0
name31 0.7105 0.7105 0.0 43.262572 0.0095 0 0 0 0 0 0 0 0 0 0 0 0
name32 0.8167 0.8167 0.0 43.631782 0.0094 0 0 0 0 0 0 0 0 0 0 0 0
name33 0.9622 0.9622 0.0 44.068289 0.0107 0 0 0 0 0 0 0 0 0 0 0 0
name34 1.1181 1.1181 0.0 44.469142 0.0194 0 0 0 0 0 0 0 0 0 0 0 0
