35
0.00000016
0.00000024
-0.00000008
0.00000012
0.00000020
0.00000044
0.00000004
0.00000016
0.00000016
0.00000012
0.00000004
0.00000008
0.00000020
-0.00000004
-0.00000012
-0.00000004
-0.00000016
-0.00000020
-0.00000020
-0.00000024
-0.00000024
-0.00000040
-0.00000096
-0.00000116
0.00000052
0.00000092
-0.00000060
-0.00000056
-0.00000160
-0.00000068
-0.00000124
-0.00000140
-0.00000024
0.00000144
0.00000080
0.00000024
0.00000036
-0.00000012
0.00000018
0.00000030
0.00000066
0.00000006
0.00000024
0.00000024
0.00000018
0.00000006
0.00000012
0.00000030
-0.00000006
-0.00000018
-0.00000006
-0.00000024
-0.00000030
-0.00000030
-0.00000036
-0.00000036
-0.00000060
-0.00000144
-0.00000174
0.00000078
0.00000138
-0.00000090
-0.00000084
-0.00000240
-0.00000102
-0.00000186
-0.00000210
-0.00000036
0.00000216
0.00000120
-0.00000008
-0.00000012
0.00000004
-0.00000006
-0.00000010
-0.00000022
-0.00000002
-0.00000008
-0.00000008
-0.00000006
-0.00000002
-0.00000004
-0.00000010
0.00000002
0.00000006
0.00000002
0.00000008
0.00000010
0.00000010
0.00000012
0.00000012
0.00000020
0.00000048
0.00000058
-0.00000026
-0.00000046
0.00000030
0.00000028
0.00000080
0.00000034
0.00000062
0.00000070
0.00000012
-0.00000072
-0.00000040
0.00000012
0.00000018
-0.00000006
0.00000009
0.00000015
0.00000033
0.00000003
0.00000012
0.00000012
0.00000009
0.00000003
0.00000006
0.00000015
-0.00000003
-0.00000009
-0.00000003
-0.00000012
-0.00000015
-0.00000015
-0.00000018
-0.00000018
-0.00000030
-0.00000072
-0.00000087
0.00000039
0.00000069
-0.00000045
-0.00000042
-0.00000120
-0.00000051
-0.00000093
-0.00000105
-0.00000018
0.00000108
0.00000060
0.00000020
0.00000030
-0.00000010
0.00000015
0.00000025
0.00000055
0.00000005
0.00000020
0.00000020
0.00000015
0.00000005
0.00000010
0.00000025
-0.00000005
-0.00000015
-0.00000005
-0.00000020
-0.00000025
-0.00000025
-0.00000030
-0.00000030
-0.00000050
-0.00000120
-0.00000145
0.00000065
0.00000115
-0.00000075
-0.00000070
-0.00000200
-0.00000085
-0.00000155
-0.00000175
-0.00000030
0.00000180
0.00000100
0.00000044
0.00000066
-0.00000022
0.00000033
0.00000055
0.00000121
0.00000011
0.00000044
0.00000044
0.00000033
0.00000011
0.00000022
0.00000055
-0.00000011
-0.00000033
-0.00000011
-0.00000044
-0.00000055
-0.00000055
-0.00000066
-0.00000066
-0.00000110
-0.00000264
-0.00000319
0.00000143
0.00000253
-0.00000165
-0.00000154
-0.00000440
-0.00000187
-0.00000341
-0.00000385
-0.00000066
0.00000396
0.00000220
0.00000004
0.00000006
-0.00000002
0.00000003
0.00000005
0.00000011
0.00000001
0.00000004
0.00000004
0.00000003
0.00000001
0.00000002
0.00000005
-0.00000001
-0.00000003
-0.00000001
-0.00000004
-0.00000005
-0.00000005
-0.00000006
-0.00000006
-0.00000010
-0.00000024
-0.00000029
0.00000013
0.00000023
-0.00000015
-0.00000014
-0.00000040
-0.00000017
-0.00000031
-0.00000035
-0.00000006
0.00000036
0.00000020
0.00000016
0.00000024
-0.00000008
0.00000012
0.00000020
0.00000044
0.00000004
0.00000016
0.00000016
0.00000012
0.00000004
0.00000008
0.00000020
-0.00000004
-0.00000012
-0.00000004
-0.00000016
-0.00000020
-0.00000020
-0.00000024
-0.00000024
-0.00000040
-0.00000096
-0.00000116
0.00000052
0.00000092
-0.00000060
-0.00000056
-0.00000160
-0.00000068
-0.00000124
-0.00000140
-0.00000024
0.00000144
0.00000080
0.00000016
0.00000024
-0.00000008
0.00000012
0.00000020
0.00000044
0.00000004
0.00000016
0.00000016
0.00000012
0.00000004
0.00000008
0.00000020
-0.00000004
-0.00000012
-0.00000004
-0.00000016
-0.00000020
-0.00000020
-0.00000024
-0.00000024
-0.00000040
-0.00000096
-0.00000116
0.00000052
0.00000092
-0.00000060
-0.00000056
-0.00000160
-0.00000068
-0.00000124
-0.00000140
-0.00000024
0.00000144
0.00000080
0.00000012
0.00000018
-0.00000006
0.00000009
0.00000015
0.00000033
0.00000003
0.00000012
0.00000012
0.00000009
0.00000003
0.00000006
0.00000015
-0.00000003
-0.00000009
-0.00000003
-0.00000012
-0.00000015
-0.00000015
-0.00000018
-0.00000018
-0.00000030
-0.00000072
-0.00000087
0.00000039
0.00000069
-0.00000045
-0.00000042
-0.00000120
-0.00000051
-0.00000093
-0.00000105
-0.00000018
0.00000108
0.00000060
0.00000004
0.00000006
-0.00000002
0.00000003
0.00000005
0.00000011
0.00000001
0.00000004
0.00000004
0.00000003
0.00000001
0.00000002
0.00000005
-0.00000001
-0.00000003
-0.00000001
-0.00000004
-0.00000005
-0.00000005
-0.00000006
-0.00000006
-0.00000010
-0.00000024
-0.00000029
0.00000013
0.00000023
-0.00000015
-0.00000014
-0.00000040
-0.00000017
-0.00000031
-0.00000035
-0.00000006
0.00000036
0.00000020
0.00000008
0.00000012
-0.00000004
0.00000006
0.00000010
0.00000022
0.00000002
0.00000008
0.00000008
0.00000006
0.00000002
0.00000004
0.00000010
-0.00000002
-0.00000006
-0.00000002
-0.00000008
-0.00000010
-0.00000010
-0.00000012
-0.00000012
-0.00000020
-0.00000048
-0.00000058
0.00000026
0.00000046
-0.00000030
-0.00000028
-0.00000080
-0.00000034
-0.00000062
-0.00000070
-0.00000012
0.00000072
0.00000040
0.00000020
0.00000030
-0.00000010
0.00000015
0.00000025
0.00000055
0.00000005
0.00000020
0.00000020
0.00000015
0.00000005
0.00000010
0.00000025
-0.00000005
-0.00000015
-0.00000005
-0.00000020
-0.00000025
-0.00000025
-0.00000030
-0.00000030
-0.00000050
-0.00000120
-0.00000145
0.00000065
0.00000115
-0.00000075
-0.00000070
-0.00000200
-0.00000085
-0.00000155
-0.00000175
-0.00000030
0.00000180
0.00000100
-0.00000004
-0.00000006
0.00000002
-0.00000003
-0.00000005
-0.00000011
-0.00000001
-0.00000004
-0.00000004
-0.00000003
-0.00000001
-0.00000002
-0.00000005
0.00000001
0.00000003
0.00000001
0.00000004
0.00000005
0.00000005
0.00000006
0.00000006
0.00000010
0.00000024
0.00000029
-0.00000013
-0.00000023
0.00000015
0.00000014
0.00000040
0.00000017
0.00000031
0.00000035
0.00000006
-0.00000036
-0.00000020
-0.00000012
-0.00000018
0.00000006
-0.00000009
-0.00000015
-0.00000033
-0.00000003
-0.00000012
-0.00000012
-0.00000009
-0.00000003
-0.00000006
-0.00000015
0.00000003
0.00000009
0.00000003
0.00000012
0.00000015
0.00000015
0.00000018
0.00000018
0.00000030
0.00000072
0.00000087
-0.00000039
-0.00000069
0.00000045
0.00000042
0.00000120
0.00000051
0.00000093
0.00000105
0.00000018
-0.00000108
-0.00000060
-0.00000004
-0.00000006
0.00000002
-0.00000003
-0.00000005
-0.00000011
-0.00000001
-0.00000004
-0.00000004
-0.00000003
-0.00000001
-0.00000002
-0.00000005
0.00000001
0.00000003
0.00000001
0.00000004
0.00000005
0.00000005
0.00000006
0.00000006
0.00000010
0.00000024
0.00000029
-0.00000013
-0.00000023
0.00000015
0.00000014
0.00000040
0.00000017
0.00000031
0.00000035
0.00000006
-0.00000036
-0.00000020
-0.00000016
-0.00000024
0.00000008
-0.00000012
-0.00000020
-0.00000044
-0.00000004
-0.00000016
-0.00000016
-0.00000012
-0.00000004
-0.00000008
-0.00000020
0.00000004
0.00000012
0.00000004
0.00000016
0.00000020
0.00000020
0.00000024
0.00000024
0.00000040
0.00000096
0.00000116
-0.00000052
-0.00000092
0.00000060
0.00000056
0.00000160
0.00000068
0.00000124
0.00000140
0.00000024
-0.00000144
-0.00000080
-0.00000020
-0.00000030
0.00000010
-0.00000015
-0.00000025
-0.00000055
-0.00000005
-0.00000020
-0.00000020
-0.00000015
-0.00000005
-0.00000010
-0.00000025
0.00000005
0.00000015
0.00000005
0.00000020
0.00000025
0.00000025
0.00000030
0.00000030
0.00000050
0.00000120
0.00000145
-0.00000065
-0.00000115
0.00000075
0.00000070
0.00000200
0.00000085
0.00000155
0.00000175
0.00000030
-0.00000180
-0.00000100
-0.00000020
-0.00000030
0.00000010
-0.00000015
-0.00000025
-0.00000055
-0.00000005
-0.00000020
-0.00000020
-0.00000015
-0.00000005
-0.00000010
-0.00000025
0.00000005
0.00000015
0.00000005
0.00000020
0.00000025
0.00000025
0.00000030
0.00000030
0.00000050
0.00000120
0.00000145
-0.00000065
-0.00000115
0.00000075
0.00000070
0.00000200
0.00000085
0.00000155
0.00000175
0.00000030
-0.00000180
-0.00000100
-0.00000024
-0.00000036
0.00000012
-0.00000018
-0.00000030
-0.00000066
-0.00000006
-0.00000024
-0.00000024
-0.00000018
-0.00000006
-0.00000012
-0.00000030
0.00000006
0.00000018
0.00000006
0.00000024
0.00000030
0.00000030
0.00000036
0.00000036
0.00000060
0.00000144
0.00000174
-0.00000078
-0.00000138
0.00000090
0.00000084
0.00000240
0.00000102
0.00000186
0.00000210
0.00000036
-0.00000216
-0.00000120
-0.00000024
-0.00000036
0.00000012
-0.00000018
-0.00000030
-0.00000066
-0.00000006
-0.00000024
-0.00000024
-0.00000018
-0.00000006
-0.00000012
-0.00000030
0.00000006
0.00000018
0.00000006
0.00000024
0.00000030
0.00000030
0.00000036
0.00000036
0.00000060
0.00000144
0.00000174
-0.00000078
-0.00000138
0.00000090
0.00000084
0.00000240
0.00000102
0.00000186
0.00000210
0.00000036
-0.00000216
-0.00000120
-0.00000040
-0.00000060
0.00000020
-0.00000030
-0.00000050
-0.00000110
-0.00000010
-0.00000040
-0.00000040
-0.00000030
-0.00000010
-0.00000020
-0.00000050
0.00000010
0.00000030
0.00000010
0.00000040
0.00000050
0.00000050
0.00000060
0.00000060
0.00000100
0.00000240
0.00000290
-0.00000130
-0.00000230
0.00000150
0.00000140
0.00000400
0.00000170
0.00000310
0.00000350
0.00000060
-0.00000360
-0.00000200
-0.00000096
-0.00000144
0.00000048
-0.00000072
-0.00000120
-0.00000264
-0.00000024
-0.00000096
-0.00000096
-0.00000072
-0.00000024
-0.00000048
-0.00000120
0.00000024
0.00000072
0.00000024
0.00000096
0.00000120
0.00000120
0.00000144
0.00000144
0.00000240
0.00000576
0.00000696
-0.00000312
-0.00000552
0.00000360
0.00000336
0.00000960
0.00000408
0.00000744
0.00000840
0.00000144
-0.00000864
-0.00000480
-0.00000116
-0.00000174
0.00000058
-0.00000087
-0.00000145
-0.00000319
-0.00000029
-0.00000116
-0.00000116
-0.00000087
-0.00000029
-0.00000058
-0.00000145
0.00000029
0.00000087
0.00000029
0.00000116
0.00000145
0.00000145
0.00000174
0.00000174
0.00000290
0.00000696
0.00000841
-0.00000377
-0.00000667
0.00000435
0.00000406
0.00001160
0.00000493
0.00000899
0.00001015
0.00000174
-0.00001044
-0.00000580
0.00000052
0.00000078
-0.00000026
0.00000039
0.00000065
0.00000143
0.00000013
0.00000052
0.00000052
0.00000039
0.00000013
0.00000026
0.00000065
-0.00000013
-0.00000039
-0.00000013
-0.00000052
-0.00000065
-0.00000065
-0.00000078
-0.00000078
-0.00000130
-0.00000312
-0.00000377
0.00000169
0.00000299
-0.00000195
-0.00000182
-0.00000520
-0.00000221
-0.00000403
-0.00000455
-0.00000078
0.00000468
0.00000260
0.00000092
0.00000138
-0.00000046
0.00000069
0.00000115
0.00000253
0.00000023
0.00000092
0.00000092
0.00000069
0.00000023
0.00000046
0.00000115
-0.00000023
-0.00000069
-0.00000023
-0.00000092
-0.00000115
-0.00000115
-0.00000138
-0.00000138
-0.00000230
-0.00000552
-0.00000667
0.00000299
0.00000529
-0.00000345
-0.00000322
-0.00000920
-0.00000391
-0.00000713
-0.00000805
-0.00000138
0.00000828
0.00000460
-0.00000060
-0.00000090
0.00000030
-0.00000045
-0.00000075
-0.00000165
-0.00000015
-0.00000060
-0.00000060
-0.00000045
-0.00000015
-0.00000030
-0.00000075
0.00000015
0.00000045
0.00000015
0.00000060
0.00000075
0.00000075
0.00000090
0.00000090
0.00000150
0.00000360
0.00000435
-0.00000195
-0.00000345
0.00000225
0.00000210
0.00000600
0.00000255
0.00000465
0.00000525
0.00000090
-0.00000540
-0.00000300
-0.00000056
-0.00000084
0.00000028
-0.00000042
-0.00000070
-0.00000154
-0.00000014
-0.00000056
-0.00000056
-0.00000042
-0.00000014
-0.00000028
-0.00000070
0.00000014
0.00000042
0.00000014
0.00000056
0.00000070
0.00000070
0.00000084
0.00000084
0.00000140
0.00000336
0.00000406
-0.00000182
-0.00000322
0.00000210
0.00000196
0.00000560
0.00000238
0.00000434
0.00000490
0.00000084
-0.00000504
-0.00000280
-0.00000160
-0.00000240
0.00000080
-0.00000120
-0.00000200
-0.00000440
-0.00000040
-0.00000160
-0.00000160
-0.00000120
-0.00000040
-0.00000080
-0.00000200
0.00000040
0.00000120
0.00000040
0.00000160
0.00000200
0.00000200
0.00000240
0.00000240
0.00000400
0.00000960
0.00001160
-0.00000520
-0.00000920
0.00000600
0.00000560
0.00001600
0.00000680
0.00001240
0.00001400
0.00000240
-0.00001440
-0.00000800
-0.00000068
-0.00000102
0.00000034
-0.00000051
-0.00000085
-0.00000187
-0.00000017
-0.00000068
-0.00000068
-0.00000051
-0.00000017
-0.00000034
-0.00000085
0.00000017
0.00000051
0.00000017
0.00000068
0.00000085
0.00000085
0.00000102
0.00000102
0.00000170
0.00000408
0.00000493
-0.00000221
-0.00000391
0.00000255
0.00000238
0.00000680
0.00000289
0.00000527
0.00000595
0.00000102
-0.00000612
-0.00000340
-0.00000124
-0.00000186
0.00000062
-0.00000093
-0.00000155
-0.00000341
-0.00000031
-0.00000124
-0.00000124
-0.00000093
-0.00000031
-0.00000062
-0.00000155
0.00000031
0.00000093
0.00000031
0.00000124
0.00000155
0.00000155
0.00000186
0.00000186
0.00000310
0.00000744
0.00000899
-0.00000403
-0.00000713
0.00000465
0.00000434
0.00001240
0.00000527
0.00000961
0.00001085
0.00000186
-0.00001116
-0.00000620
-0.00000140
-0.00000210
0.00000070
-0.00000105
-0.00000175
-0.00000385
-0.00000035
-0.00000140
-0.00000140
-0.00000105
-0.00000035
-0.00000070
-0.00000175
0.00000035
0.00000105
0.00000035
0.00000140
0.00000175
0.00000175
0.00000210
0.00000210
0.00000350
0.00000840
0.00001015
-0.00000455
-0.00000805
0.00000525
0.00000490
0.00001400
0.00000595
0.00001085
0.00001225
0.00000210
-0.00001260
-0.00000700
-0.00000024
-0.00000036
0.00000012
-0.00000018
-0.00000030
-0.00000066
-0.00000006
-0.00000024
-0.00000024
-0.00000018
-0.00000006
-0.00000012
-0.00000030
0.00000006
0.00000018
0.00000006
0.00000024
0.00000030
0.00000030
0.00000036
0.00000036
0.00000060
0.00000144
0.00000174
-0.00000078
-0.00000138
0.00000090
0.00000084
0.00000240
0.00000102
0.00000186
0.00000210
0.00000036
-0.00000216
-0.00000120
0.00000144
0.00000216
-0.00000072
0.00000108
0.00000180
0.00000396
0.00000036
0.00000144
0.00000144
0.00000108
0.00000036
0.00000072
0.00000180
-0.00000036
-0.00000108
-0.00000036
-0.00000144
-0.00000180
-0.00000180
-0.00000216
-0.00000216
-0.00000360
-0.00000864
-0.00001044
0.00000468
0.00000828
-0.00000540
-0.00000504
-0.00001440
-0.00000612
-0.00001116
-0.00001260
-0.00000216
0.00001296
0.00000720
0.00000080
0.00000120
-0.00000040
0.00000060
0.00000100
0.00000220
0.00000020
0.00000080
0.00000080
0.00000060
0.00000020
0.00000040
0.00000100
-0.00000020
-0.00000060
-0.00000020
-0.00000080
-0.00000100
-0.00000100
-0.00000120
-0.00000120
-0.00000200
-0.00000480
-0.00000580
0.00000260
0.00000460
-0.00000300
-0.00000280
-0.00000800
-0.00000340
-0.00000620
-0.00000700
-0.00000120
0.00000720
0.00000400
