35
0.00003403
0.00003402
0.00003410
0.00003160
0.00003321
0.00002810
0.00003105
0.00002487
0.00004104
0.00004226
0.00001646
0.00002391
0.00002828
0.00000780
0.00000809
0.00001134
0.00000567
0.00001398
0.00000529
0.00001130
0.00000681
0.00000866
-0.00003677
0.00001619
0.00000052
-0.00001140
0.00000979
-0.00000264
0.00000889
0.00001115
-0.00000270
-0.00001609
-0.00003052
-0.00002774
-0.00004014
0.00003402
0.00003403
0.00003412
0.00003167
0.00003326
0.00002810
0.00003121
0.00002533
0.00004108
0.00004228
0.00001720
0.00002440
0.00002871
0.00000811
0.00000840
0.00001169
0.00000587
0.00001398
0.00000533
0.00001152
0.00000702
0.00000884
-0.00003680
0.00001623
0.00000020
-0.00001192
0.00000961
-0.00000268
0.00000897
0.00001117
-0.00000269
-0.00001598
-0.00003070
-0.00002771
-0.00003992
0.00003410
0.00003412
0.00003423
0.00003186
0.00003341
0.00002822
0.00003137
0.00002552
0.00004119
0.00004224
0.00001783
0.00002435
0.00002892
0.00000836
0.00000865
0.00001197
0.00000591
0.00001419
0.00000509
0.00001108
0.00000665
0.00000837
-0.00003749
0.00001637
-0.00000050
-0.00001286
0.00000945
-0.00000278
0.00000890
0.00001133
-0.00000211
-0.00001542
-0.00003110
-0.00002793
-0.00003986
0.00003160
0.00003167
0.00003186
0.00003010
0.00003133
0.00002642
0.00002937
0.00002359
0.00003826
0.00003876
0.00001883
0.00002194
0.00002736
0.00000789
0.00000827
0.00001178
0.00000515
0.00001387
0.00000347
0.00000888
0.00000525
0.00000609
-0.00003682
0.00001526
-0.00000311
-0.00001589
0.00000828
-0.00000272
0.00000879
0.00001152
0.00000039
-0.00001155
-0.00002973
-0.00002701
-0.00003751
0.00003321
0.00003326
0.00003341
0.00003133
0.00003274
0.00002761
0.00003068
0.00002465
0.00004019
0.00004079
0.00001871
0.00002327
0.00002841
0.00000788
0.00000831
0.00001177
0.00000535
0.00001398
0.00000433
0.00001032
0.00000627
0.00000745
-0.00003715
0.00001578
-0.00000191
-0.00001484
0.00000881
-0.00000284
0.00000918
0.00001139
-0.00000127
-0.00001378
-0.00003056
-0.00002767
-0.00003913
0.00002810
0.00002810
0.00002822
0.00002642
0.00002761
0.00002349
0.00002562
0.00001976
0.00003378
0.00003399
0.00001499
0.00001923
0.00002332
0.00000586
0.00000640
0.00000907
0.00000397
0.00001166
0.00000251
0.00000728
0.00000422
0.00000539
-0.00003323
0.00001275
-0.00000204
-0.00001277
0.00000784
-0.00000264
0.00000737
0.00000962
0.00000022
-0.00001040
-0.00002509
-0.00002416
-0.00003466
0.00003105
0.00003121
0.00003137
0.00002937
0.00003068
0.00002562
0.00003038
0.00002987
0.00003781
0.00004081
0.00002061
0.00002868
0.00003090
0.00001394
0.00001319
0.00001648
0.00001000
0.00001452
0.00000647
0.00001191
0.00000704
0.00000970
-0.00003586
0.00001754
-0.00000069
-0.00001116
0.00000847
-0.00000207
0.00000673
0.00001149
-0.00000039
-0.00001414
-0.00003169
-0.00002508
-0.00003302
0.00002487
0.00002533
0.00002552
0.00002359
0.00002465
0.00001976
0.00002987
0.00004711
0.00003100
0.00004105
0.00002624
0.00004443
0.00003834
0.00003454
0.00002976
0.00003193
0.00002515
0.00001691
0.00001384
0.00001515
0.00000729
0.00001499
-0.00003299
0.00002447
0.00000253
0.00000058
0.00000688
-0.00000013
-0.00000289
0.00001114
0.00000262
-0.00001620
-0.00003723
-0.00001621
-0.00001124
0.00004104
0.00004108
0.00004119
0.00003826
0.00004019
0.00003378
0.00003781
0.00003100
0.00004975
0.00005130
0.00002115
0.00002925
0.00003490
0.00000998
0.00001025
0.00001445
0.00000719
0.00001689
0.00000739
0.00001514
0.00000943
0.00001135
-0.00004247
0.00001993
0.00000068
-0.00001422
0.00001123
-0.00000304
0.00001134
0.00001339
-0.00000465
-0.00002050
-0.00003748
-0.00003273
-0.00004694
0.00004226
0.00004228
0.00004224
0.00003876
0.00004079
0.00003399
0.00004081
0.00004105
0.00005130
0.00008950
-0.00001497
0.00004615
0.00004271
0.00002517
0.00001587
0.00003373
0.00002734
0.00003855
0.00002403
0.00003983
0.00002834
0.00003392
-0.00003513
0.00003944
0.00004887
0.00004955
0.00004068
0.00001893
0.00002242
0.00004524
0.00000463
-0.00003077
-0.00004574
-0.00004750
-0.00007136
0.00001646
0.00001720
0.00001783
0.00001883
0.00001871
0.00001499
0.00002061
0.00002624
0.00002115
-0.00001497
0.00007535
0.00001948
0.00002589
0.00000854
0.00001714
0.00000497
-0.00000466
-0.00001216
-0.00001388
-0.00001688
-0.00001396
-0.00001497
-0.00003902
-0.00000665
-0.00006363
-0.00008982
-0.00003096
-0.00002606
-0.00001013
-0.00002506
-0.00000223
0.00001031
-0.00001852
0.00000043
0.00001471
0.00002391
0.00002440
0.00002435
0.00002194
0.00002327
0.00001923
0.00002868
0.00004443
0.00002925
0.00004615
0.00001948
0.00005823
0.00004134
0.00002722
0.00002344
0.00002810
0.00002525
0.00001365
0.00001175
0.00002714
0.00002054
0.00002982
-0.00003039
0.00001783
0.00001524
0.00001401
0.00001546
0.00000374
0.00000574
0.00001572
0.00000093
-0.00001565
-0.00002487
-0.00002299
-0.00003332
0.00002828
0.00002871
0.00002892
0.00002736
0.00002841
0.00002332
0.00003090
0.00003834
0.00003490
0.00004271
0.00002589
0.00004134
0.00003747
0.00002170
0.00001964
0.00002392
0.00001702
0.00001518
0.00000837
0.00001743
0.00001195
0.00001640
-0.00003520
0.00001875
0.00000150
-0.00000723
0.00000944
-0.00000019
0.00000654
0.00001386
0.00000186
-0.00001258
-0.00003180
-0.00002433
-0.00003051
0.00000780
0.00000811
0.00000836
0.00000789
0.00000788
0.00000586
0.00001394
0.00003454
0.00000998
0.00002517
0.00000854
0.00002722
0.00002170
0.00003628
0.00002861
0.00003095
0.00002600
0.00001751
0.00001245
0.00000387
-0.00000252
0.00000475
-0.00002036
0.00002334
0.00000677
0.00001560
0.00000685
0.00000469
-0.00001044
0.00001251
0.00001352
-0.00000531
-0.00002815
-0.00000533
0.00000928
0.00000809
0.00000840
0.00000865
0.00000827
0.00000831
0.00000640
0.00001319
0.00002976
0.00001025
0.00001587
0.00001714
0.00002344
0.00001964
0.00002861
0.00002418
0.00002352
0.00001887
0.00001075
0.00000716
-0.00000031
-0.00000469
0.00000111
-0.00002134
0.00001620
-0.00000442
-0.00000101
0.00000029
-0.00000077
-0.00001042
0.00000467
0.00000960
-0.00000275
-0.00002336
-0.00000327
0.00000999
0.00001134
0.00001169
0.00001197
0.00001178
0.00001177
0.00000907
0.00001648
0.00003193
0.00001445
0.00003373
0.00000497
0.00002810
0.00002392
0.00003095
0.00002352
0.00002990
0.00002405
0.00002046
0.00001257
0.00001076
0.00000464
0.00000973
-0.00001988
0.00002372
0.00001299
0.00001846
0.00001253
0.00000810
-0.00000142
0.00001971
0.00001316
-0.00000583
-0.00002798
-0.00001312
-0.00000655
0.00000567
0.00000587
0.00000591
0.00000515
0.00000535
0.00000397
0.00001000
0.00002515
0.00000719
0.00002734
-0.00000466
0.00002525
0.00001702
0.00002600
0.00001887
0.00002405
0.00002207
0.00001566
0.00001284
0.00001235
0.00000662
0.00001279
-0.00000947
0.00001883
0.00001971
0.00002953
0.00001319
0.00000909
-0.00000232
0.00001611
0.00000863
-0.00000802
-0.00001808
-0.00000772
-0.00000364
0.00001398
0.00001398
0.00001419
0.00001387
0.00001398
0.00001166
0.00001452
0.00001691
0.00001689
0.00003855
-0.00001216
0.00001365
0.00001518
0.00001751
0.00001075
0.00002046
0.00001566
0.00002339
0.00000995
0.00000969
0.00000490
0.00000679
-0.00001897
0.00002247
0.00002140
0.00002587
0.00001998
0.00001169
0.00000619
0.00002632
0.00001456
-0.00000512
-0.00002414
-0.00002113
-0.00002487
0.00000529
0.00000533
0.00000509
0.00000347
0.00000433
0.00000251
0.00000647
0.00001384
0.00000739
0.00002403
-0.00001388
0.00001175
0.00000837
0.00001245
0.00000716
0.00001257
0.00001284
0.00000995
0.00001758
0.00002076
0.00001422
0.00001716
0.00001289
0.00001422
0.00002738
0.00003503
0.00001107
0.00000940
0.00000421
0.00001041
-0.00001002
-0.00002129
-0.00001105
-0.00000110
-0.00000124
0.00001130
0.00001152
0.00001108
0.00000888
0.00001032
0.00000728
0.00001191
0.00001515
0.00001514
0.00003983
-0.00001688
0.00002714
0.00001743
0.00000387
-0.00000031
0.00001076
0.00001235
0.00000969
0.00002076
0.00004309
0.00003600
0.00003803
0.00002000
0.00001143
0.00004369
0.00004654
0.00002090
0.00001471
0.00002089
0.00001856
-0.00002005
-0.00002957
-0.00000541
-0.00001170
-0.00002982
0.00000681
0.00000702
0.00000665
0.00000525
0.00000627
0.00000422
0.00000704
0.00000729
0.00000943
0.00002834
-0.00001396
0.00002054
0.00001195
-0.00000252
-0.00000469
0.00000464
0.00000662
0.00000490
0.00001422
0.00003600
0.00003165
0.00003206
0.00001974
0.00000467
0.00003485
0.00003543
0.00001659
0.00001196
0.00002003
0.00001439
-0.00001721
-0.00002120
0.00000163
-0.00000947
-0.00002763
0.00000866
0.00000884
0.00000837
0.00000609
0.00000745
0.00000539
0.00000970
0.00001499
0.00001135
0.00003392
-0.00001497
0.00002982
0.00001640
0.00000475
0.00000111
0.00000973
0.00001279
0.00000679
0.00001716
0.00003803
0.00003206
0.00003592
0.00001534
0.00000834
0.00003954
0.00004418
0.00001924
0.00001259
0.00001640
0.00001516
-0.00001636
-0.00002484
-0.00000169
-0.00001009
-0.00002749
-0.00003677
-0.00003680
-0.00003749
-0.00003682
-0.00003715
-0.00003323
-0.00003586
-0.00003299
-0.00004247
-0.00003513
-0.00003902
-0.00003039
-0.00003520
-0.00002036
-0.00002134
-0.00001988
-0.00000947
-0.00001897
0.00001289
0.00002000
0.00001974
0.00001534
0.00008555
-0.00001769
0.00003206
0.00004687
-0.00000514
0.00001112
0.00000582
-0.00001248
-0.00003221
-0.00001507
0.00004109
0.00003921
0.00004336
0.00001619
0.00001623
0.00001637
0.00001526
0.00001578
0.00001275
0.00001754
0.00002447
0.00001993
0.00003944
-0.00000665
0.00001783
0.00001875
0.00002334
0.00001620
0.00002372
0.00001883
0.00002247
0.00001422
0.00001143
0.00000467
0.00000834
-0.00001769
0.00002518
0.00001988
0.00002510
0.00001640
0.00000937
0.00000206
0.00002152
0.00000859
-0.00001241
-0.00002901
-0.00001658
-0.00001527
0.00000052
0.00000020
-0.00000050
-0.00000311
-0.00000191
-0.00000204
-0.00000069
0.00000253
0.00000068
0.00004887
-0.00006363
0.00001524
0.00000150
0.00000677
-0.00000442
0.00001299
0.00001971
0.00002140
0.00002738
0.00004369
0.00003485
0.00003954
0.00003206
0.00001988
0.00007892
0.00010187
0.00004059
0.00003039
0.00001963
0.00003593
-0.00000733
-0.00002944
0.00000062
-0.00001312
-0.00003427
-0.00001140
-0.00001192
-0.00001286
-0.00001589
-0.00001484
-0.00001277
-0.00001116
0.00000058
-0.00001422
0.00004955
-0.00008982
0.00001401
-0.00000723
0.00001560
-0.00000101
0.00001846
0.00002953
0.00002587
0.00003503
0.00004654
0.00003543
0.00004418
0.00004687
0.00002510
0.00010187
0.00014144
0.00004955
0.00003986
0.00001381
0.00004229
-0.00000268
-0.00003215
0.00000608
-0.00000562
-0.00002245
0.00000979
0.00000961
0.00000945
0.00000828
0.00000881
0.00000784
0.00000847
0.00000688
0.00001123
0.00004068
-0.00003096
0.00001546
0.00000944
0.00000685
0.00000029
0.00001253
0.00001319
0.00001998
0.00001107
0.00002090
0.00001659
0.00001924
-0.00000514
0.00001640
0.00004059
0.00004955
0.00002888
0.00001742
0.00001378
0.00002964
0.00000844
-0.00000948
-0.00000941
-0.00002254
-0.00003959
-0.00000264
-0.00000268
-0.00000278
-0.00000272
-0.00000284
-0.00000264
-0.00000207
-0.00000013
-0.00000304
0.00001893
-0.00002606
0.00000374
-0.00000019
0.00000469
-0.00000077
0.00000810
0.00000909
0.00001169
0.00000940
0.00001471
0.00001196
0.00001259
0.00001112
0.00000937
0.00003039
0.00003986
0.00001742
0.00001429
0.00000845
0.00001904
0.00000447
-0.00000501
-0.00000067
-0.00000680
-0.00001318
0.00000889
0.00000897
0.00000890
0.00000879
0.00000918
0.00000737
0.00000673
-0.00000289
0.00001134
0.00002242
-0.00001013
0.00000574
0.00000654
-0.00001044
-0.00001042
-0.00000142
-0.00000232
0.00000619
0.00000421
0.00002089
0.00002003
0.00001640
0.00000582
0.00000206
0.00001963
0.00001381
0.00001378
0.00000845
0.00002044
0.00001530
-0.00000636
-0.00000786
0.00000010
-0.00001575
-0.00003438
0.00001115
0.00001117
0.00001133
0.00001152
0.00001139
0.00000962
0.00001149
0.00001114
0.00001339
0.00004524
-0.00002506
0.00001572
0.00001386
0.00001251
0.00000467
0.00001971
0.00001611
0.00002632
0.00001041
0.00001856
0.00001439
0.00001516
-0.00001248
0.00002152
0.00003593
0.00004229
0.00002964
0.00001904
0.00001530
0.00003656
0.00001730
-0.00000298
-0.00001741
-0.00002730
-0.00004055
-0.00000270
-0.00000269
-0.00000211
0.00000039
-0.00000127
0.00000022
-0.00000039
0.00000262
-0.00000465
0.00000463
-0.00000223
0.00000093
0.00000186
0.00001352
0.00000960
0.00001316
0.00000863
0.00001456
-0.00001002
-0.00002005
-0.00001721
-0.00001636
-0.00003221
0.00000859
-0.00000733
-0.00000268
0.00000844
0.00000447
-0.00000636
0.00001730
0.00003767
0.00002787
-0.00000943
-0.00001416
-0.00000914
-0.00001609
-0.00001598
-0.00001542
-0.00001155
-0.00001378
-0.00001040
-0.00001414
-0.00001620
-0.00002050
-0.00003077
0.00001031
-0.00001565
-0.00001258
-0.00000531
-0.00000275
-0.00000583
-0.00000802
-0.00000512
-0.00002129
-0.00002957
-0.00002120
-0.00002484
-0.00001507
-0.00001241
-0.00002944
-0.00003215
-0.00000948
-0.00000501
-0.00000786
-0.00000298
0.00002787
0.00003767
0.00001252
0.00000224
0.00000979
-0.00003052
-0.00003070
-0.00003110
-0.00002973
-0.00003056
-0.00002509
-0.00003169
-0.00003723
-0.00003748
-0.00004574
-0.00001852
-0.00002487
-0.00003180
-0.00002815
-0.00002336
-0.00002798
-0.00001808
-0.00002414
-0.00001105
-0.00000541
0.00000163
-0.00000169
0.00004109
-0.00002901
0.00000062
0.00000608
-0.00000941
-0.00000067
0.00000010
-0.00001741
-0.00000943
0.00001252
0.00004489
0.00002394
0.00001967
-0.00002774
-0.00002771
-0.00002793
-0.00002701
-0.00002767
-0.00002416
-0.00002508
-0.00001621
-0.00003273
-0.00004750
0.00000043
-0.00002299
-0.00002433
-0.00000533
-0.00000327
-0.00001312
-0.00000772
-0.00002113
-0.00000110
-0.00001170
-0.00000947
-0.00001009
0.00003921
-0.00001658
-0.00001312
-0.00000562
-0.00002254
-0.00000680
-0.00001575
-0.00002730
-0.00001416
0.00000224
0.00002394
0.00003778
0.00005830
-0.00004014
-0.00003992
-0.00003986
-0.00003751
-0.00003913
-0.00003466
-0.00003302
-0.00001124
-0.00004694
-0.00007136
0.00001471
-0.00003332
-0.00003051
0.00000928
0.00000999
-0.00000655
-0.00000364
-0.00002487
-0.00000124
-0.00002982
-0.00002763
-0.00002749
0.00004336
-0.00001527
-0.00003427
-0.00002245
-0.00003959
-0.00001318
-0.00003438
-0.00004055
-0.00000914
0.00000979
0.00001967
0.00005830
0.00010519
