35
0.00000537
0.00000530
0.00000525
0.00000495
0.00000508
0.00000526
0.00000539
0.00000652
0.00000519
0.00000727
0.00000405
0.00000692
0.00000551
0.00000334
0.00000307
0.00000267
0.00000321
0.00000221
0.00000217
0.00000226
0.00000126
0.00000083
-0.00000093
-0.00000135
-0.00000024
0.00000007
-0.00000139
-0.00000139
-0.00000287
-0.00000314
-0.00000275
-0.00000420
-0.00000287
-0.00000278
-0.00000380
0.00000530
0.00000523
0.00000519
0.00000489
0.00000501
0.00000519
0.00000532
0.00000645
0.00000512
0.00000719
0.00000403
0.00000685
0.00000546
0.00000336
0.00000305
0.00000266
0.00000319
0.00000221
0.00000217
0.00000225
0.00000126
0.00000084
-0.00000089
-0.00000130
-0.00000022
0.00000007
-0.00000135
-0.00000135
-0.00000280
-0.00000309
-0.00000270
-0.00000414
-0.00000283
-0.00000277
-0.00000375
0.00000525
0.00000519
0.00000514
0.00000485
0.00000497
0.00000515
0.00000529
0.00000643
0.00000508
0.00000714
0.00000404
0.00000682
0.00000544
0.00000340
0.00000305
0.00000267
0.00000319
0.00000221
0.00000217
0.00000226
0.00000127
0.00000084
-0.00000087
-0.00000128
-0.00000024
0.00000005
-0.00000135
-0.00000133
-0.00000277
-0.00000306
-0.00000267
-0.00000410
-0.00000281
-0.00000276
-0.00000372
0.00000495
0.00000489
0.00000485
0.00000459
0.00000469
0.00000486
0.00000499
0.00000611
0.00000478
0.00000672
0.00000395
0.00000650
0.00000521
0.00000350
0.00000298
0.00000261
0.00000309
0.00000220
0.00000215
0.00000222
0.00000129
0.00000086
-0.00000073
-0.00000112
-0.00000020
0.00000003
-0.00000125
-0.00000119
-0.00000253
-0.00000286
-0.00000245
-0.00000386
-0.00000263
-0.00000270
-0.00000352
0.00000508
0.00000501
0.00000497
0.00000469
0.00000481
0.00000497
0.00000512
0.00000628
0.00000491
0.00000694
0.00000402
0.00000666
0.00000534
0.00000349
0.00000303
0.00000265
0.00000315
0.00000223
0.00000218
0.00000226
0.00000129
0.00000086
-0.00000078
-0.00000117
-0.00000021
0.00000005
-0.00000128
-0.00000124
-0.00000261
-0.00000294
-0.00000254
-0.00000396
-0.00000271
-0.00000273
-0.00000360
0.00000526
0.00000519
0.00000515
0.00000486
0.00000497
0.00000516
0.00000526
0.00000632
0.00000507
0.00000701
0.00000396
0.00000676
0.00000538
0.00000341
0.00000303
0.00000264
0.00000317
0.00000221
0.00000218
0.00000223
0.00000128
0.00000087
-0.00000087
-0.00000127
-0.00000016
0.00000014
-0.00000133
-0.00000131
-0.00000280
-0.00000306
-0.00000265
-0.00000413
-0.00000278
-0.00000278
-0.00000376
0.00000539
0.00000532
0.00000529
0.00000499
0.00000512
0.00000526
0.00000585
0.00000855
0.00000526
0.00000939
0.00000611
0.00000874
0.00000743
0.00000579
0.00000449
0.00000402
0.00000455
0.00000355
0.00000337
0.00000368
0.00000225
0.00000148
-0.00000028
-0.00000072
-0.00000014
-0.00000010
-0.00000129
-0.00000105
-0.00000207
-0.00000297
-0.00000265
-0.00000411
-0.00000314
-0.00000321
-0.00000390
0.00000652
0.00000645
0.00000643
0.00000611
0.00000628
0.00000632
0.00000855
0.00001718
0.00000649
0.00001856
0.00001449
0.00001686
0.00001570
0.00001581
0.00001051
0.00000961
0.00001029
0.00000917
0.00000845
0.00000947
0.00000637
0.00000433
0.00000211
0.00000154
0.00000064
-0.00000019
-0.00000102
0.00000009
0.00000042
-0.00000290
-0.00000276
-0.00000472
-0.00000467
-0.00000546
-0.00000521
0.00000519
0.00000512
0.00000508
0.00000478
0.00000491
0.00000507
0.00000526
0.00000649
0.00000503
0.00000721
0.00000409
0.00000680
0.00000545
0.00000336
0.00000303
0.00000266
0.00000315
0.00000217
0.00000213
0.00000227
0.00000123
0.00000076
-0.00000087
-0.00000129
-0.00000038
-0.00000013
-0.00000137
-0.00000135
-0.00000270
-0.00000302
-0.00000265
-0.00000401
-0.00000281
-0.00000270
-0.00000359
0.00000727
0.00000719
0.00000714
0.00000672
0.00000694
0.00000701
0.00000939
0.00001856
0.00000721
0.00002063
0.00001534
0.00001846
0.00001722
0.00001648
0.00001136
0.00001033
0.00001120
0.00000995
0.00000916
0.00001020
0.00000689
0.00000486
0.00000230
0.00000168
0.00000139
0.00000071
-0.00000084
0.00000008
0.00000031
-0.00000322
-0.00000328
-0.00000541
-0.00000522
-0.00000592
-0.00000596
0.00000405
0.00000403
0.00000404
0.00000395
0.00000402
0.00000396
0.00000611
0.00001449
0.00000409
0.00001534
0.00001372
0.00001436
0.00001405
0.00001665
0.00000999
0.00000921
0.00000962
0.00000921
0.00000843
0.00000915
0.00000663
0.00000476
0.00000349
0.00000311
0.00000142
0.00000031
0.00000011
0.00000144
0.00000257
-0.00000118
-0.00000100
-0.00000285
-0.00000330
-0.00000512
-0.00000367
0.00000692
0.00000685
0.00000682
0.00000650
0.00000666
0.00000676
0.00000874
0.00001686
0.00000680
0.00001846
0.00001436
0.00001718
0.00001599
0.00001640
0.00001081
0.00000982
0.00001064
0.00000963
0.00000891
0.00000956
0.00000676
0.00000496
0.00000243
0.00000192
0.00000177
0.00000117
-0.00000061
0.00000041
0.00000033
-0.00000300
-0.00000279
-0.00000529
-0.00000471
-0.00000607
-0.00000592
0.00000551
0.00000546
0.00000544
0.00000521
0.00000534
0.00000538
0.00000743
0.00001570
0.00000545
0.00001722
0.00001405
0.00001599
0.00001531
0.00001661
0.00001057
0.00000964
0.00001032
0.00000965
0.00000887
0.00000947
0.00000687
0.00000514
0.00000319
0.00000275
0.00000217
0.00000141
0.00000004
0.00000109
0.00000159
-0.00000202
-0.00000193
-0.00000418
-0.00000405
-0.00000573
-0.00000496
0.00000334
0.00000336
0.00000340
0.00000350
0.00000349
0.00000341
0.00000579
0.00001581
0.00000336
0.00001648
0.00001665
0.00001640
0.00001661
0.00002267
0.00001260
0.00001163
0.00001206
0.00001223
0.00001121
0.00001156
0.00000912
0.00000704
0.00000573
0.00000556
0.00000349
0.00000203
0.00000129
0.00000325
0.00000487
-0.00000015
0.00000021
-0.00000256
-0.00000296
-0.00000663
-0.00000416
0.00000307
0.00000305
0.00000305
0.00000298
0.00000303
0.00000303
0.00000449
0.00001051
0.00000303
0.00001136
0.00000999
0.00001081
0.00001057
0.00001260
0.00000761
0.00000697
0.00000739
0.00000715
0.00000657
0.00000691
0.00000522
0.00000399
0.00000274
0.00000256
0.00000193
0.00000128
0.00000036
0.00000128
0.00000187
-0.00000085
-0.00000077
-0.00000238
-0.00000239
-0.00000396
-0.00000317
0.00000267
0.00000266
0.00000267
0.00000261
0.00000265
0.00000264
0.00000402
0.00000961
0.00000266
0.00001033
0.00000921
0.00000982
0.00000964
0.00001163
0.00000697
0.00000639
0.00000675
0.00000655
0.00000602
0.00000635
0.00000479
0.00000363
0.00000255
0.00000239
0.00000168
0.00000104
0.00000033
0.00000121
0.00000184
-0.00000070
-0.00000062
-0.00000204
-0.00000213
-0.00000358
-0.00000278
0.00000321
0.00000319
0.00000319
0.00000309
0.00000315
0.00000317
0.00000455
0.00001029
0.00000315
0.00001120
0.00000962
0.00001064
0.00001032
0.00001206
0.00000739
0.00000675
0.00000720
0.00000692
0.00000637
0.00000668
0.00000504
0.00000387
0.00000251
0.00000234
0.00000194
0.00000138
0.00000027
0.00000113
0.00000156
-0.00000099
-0.00000092
-0.00000253
-0.00000241
-0.00000386
-0.00000330
0.00000221
0.00000221
0.00000221
0.00000220
0.00000223
0.00000221
0.00000355
0.00000917
0.00000217
0.00000995
0.00000921
0.00000963
0.00000965
0.00001223
0.00000715
0.00000655
0.00000692
0.00000691
0.00000634
0.00000652
0.00000513
0.00000406
0.00000305
0.00000296
0.00000238
0.00000174
0.00000077
0.00000167
0.00000240
-0.00000029
-0.00000025
-0.00000179
-0.00000187
-0.00000368
-0.00000271
0.00000217
0.00000217
0.00000217
0.00000215
0.00000218
0.00000218
0.00000337
0.00000845
0.00000213
0.00000916
0.00000843
0.00000891
0.00000887
0.00001121
0.00000657
0.00000602
0.00000637
0.00000634
0.00000582
0.00000597
0.00000470
0.00000373
0.00000272
0.00000265
0.00000219
0.00000164
0.00000065
0.00000148
0.00000206
-0.00000037
-0.00000030
-0.00000178
-0.00000176
-0.00000343
-0.00000261
0.00000226
0.00000225
0.00000226
0.00000222
0.00000226
0.00000223
0.00000368
0.00000947
0.00000227
0.00001020
0.00000915
0.00000956
0.00000947
0.00001156
0.00000691
0.00000635
0.00000668
0.00000652
0.00000597
0.00000641
0.00000480
0.00000358
0.00000256
0.00000246
0.00000162
0.00000091
0.00000032
0.00000126
0.00000206
-0.00000048
-0.00000047
-0.00000170
-0.00000197
-0.00000325
-0.00000253
0.00000126
0.00000126
0.00000127
0.00000129
0.00000129
0.00000128
0.00000225
0.00000637
0.00000123
0.00000689
0.00000663
0.00000676
0.00000687
0.00000912
0.00000522
0.00000479
0.00000504
0.00000513
0.00000470
0.00000480
0.00000386
0.00000310
0.00000238
0.00000239
0.00000195
0.00000147
0.00000070
0.00000141
0.00000202
0.00000002
0.00000004
-0.00000107
-0.00000115
-0.00000259
-0.00000185
0.00000083
0.00000084
0.00000084
0.00000086
0.00000086
0.00000087
0.00000148
0.00000433
0.00000076
0.00000486
0.00000476
0.00000496
0.00000514
0.00000704
0.00000399
0.00000363
0.00000387
0.00000406
0.00000373
0.00000358
0.00000310
0.00000270
0.00000212
0.00000216
0.00000222
0.00000198
0.00000093
0.00000138
0.00000173
0.00000019
0.00000018
-0.00000086
-0.00000073
-0.00000216
-0.00000154
-0.00000093
-0.00000089
-0.00000087
-0.00000073
-0.00000078
-0.00000087
-0.00000028
0.00000211
-0.00000087
0.00000230
0.00000349
0.00000243
0.00000319
0.00000573
0.00000274
0.00000255
0.00000251
0.00000305
0.00000272
0.00000256
0.00000238
0.00000212
0.00000262
0.00000261
0.00000181
0.00000136
0.00000146
0.00000183
0.00000290
0.00000128
0.00000120
0.00000068
0.00000012
-0.00000145
0.00000014
-0.00000135
-0.00000130
-0.00000128
-0.00000112
-0.00000117
-0.00000127
-0.00000072
0.00000154
-0.00000129
0.00000168
0.00000311
0.00000192
0.00000275
0.00000556
0.00000256
0.00000239
0.00000234
0.00000296
0.00000265
0.00000246
0.00000239
0.00000216
0.00000261
0.00000272
0.00000200
0.00000156
0.00000153
0.00000195
0.00000303
0.00000150
0.00000138
0.00000094
0.00000039
-0.00000117
0.00000026
-0.00000024
-0.00000022
-0.00000024
-0.00000020
-0.00000021
-0.00000016
-0.00000014
0.00000064
-0.00000038
0.00000139
0.00000142
0.00000177
0.00000217
0.00000349
0.00000193
0.00000168
0.00000194
0.00000238
0.00000219
0.00000162
0.00000195
0.00000222
0.00000181
0.00000200
0.00000313
0.00000334
0.00000152
0.00000148
0.00000147
0.00000071
0.00000051
-0.00000033
0.00000013
-0.00000123
-0.00000100
0.00000007
0.00000007
0.00000005
0.00000003
0.00000005
0.00000014
-0.00000010
-0.00000019
-0.00000013
0.00000071
0.00000031
0.00000117
0.00000141
0.00000203
0.00000128
0.00000104
0.00000138
0.00000174
0.00000164
0.00000091
0.00000147
0.00000198
0.00000136
0.00000156
0.00000334
0.00000381
0.00000148
0.00000120
0.00000078
0.00000043
0.00000021
-0.00000069
0.00000012
-0.00000108
-0.00000127
-0.00000139
-0.00000135
-0.00000135
-0.00000125
-0.00000128
-0.00000133
-0.00000129
-0.00000102
-0.00000137
-0.00000084
0.00000011
-0.00000061
0.00000004
0.00000129
0.00000036
0.00000033
0.00000027
0.00000077
0.00000065
0.00000032
0.00000070
0.00000093
0.00000146
0.00000153
0.00000152
0.00000148
0.00000128
0.00000121
0.00000176
0.00000120
0.00000103
0.00000092
0.00000066
-0.00000025
0.00000062
-0.00000139
-0.00000135
-0.00000133
-0.00000119
-0.00000124
-0.00000131
-0.00000105
0.00000009
-0.00000135
0.00000008
0.00000144
0.00000041
0.00000109
0.00000325
0.00000128
0.00000121
0.00000113
0.00000167
0.00000148
0.00000126
0.00000141
0.00000138
0.00000183
0.00000195
0.00000148
0.00000120
0.00000121
0.00000147
0.00000223
0.00000129
0.00000122
0.00000097
0.00000059
-0.00000057
0.00000049
-0.00000287
-0.00000280
-0.00000277
-0.00000253
-0.00000261
-0.00000280
-0.00000207
0.00000042
-0.00000270
0.00000031
0.00000257
0.00000033
0.00000159
0.00000487
0.00000187
0.00000184
0.00000156
0.00000240
0.00000206
0.00000206
0.00000202
0.00000173
0.00000290
0.00000303
0.00000147
0.00000078
0.00000176
0.00000223
0.00000403
0.00000239
0.00000214
0.00000231
0.00000104
-0.00000034
0.00000163
-0.00000314
-0.00000309
-0.00000306
-0.00000286
-0.00000294
-0.00000306
-0.00000297
-0.00000290
-0.00000302
-0.00000322
-0.00000118
-0.00000300
-0.00000202
-0.00000015
-0.00000085
-0.00000070
-0.00000099
-0.00000029
-0.00000037
-0.00000048
0.00000002
0.00000019
0.00000128
0.00000150
0.00000071
0.00000043
0.00000120
0.00000129
0.00000239
0.00000206
0.00000182
0.00000243
0.00000157
0.00000105
0.00000206
-0.00000275
-0.00000270
-0.00000267
-0.00000245
-0.00000254
-0.00000265
-0.00000265
-0.00000276
-0.00000265
-0.00000328
-0.00000100
-0.00000279
-0.00000193
0.00000021
-0.00000077
-0.00000062
-0.00000092
-0.00000025
-0.00000030
-0.00000047
0.00000004
0.00000018
0.00000120
0.00000138
0.00000051
0.00000021
0.00000103
0.00000122
0.00000214
0.00000182
0.00000175
0.00000214
0.00000145
0.00000075
0.00000183
-0.00000420
-0.00000414
-0.00000410
-0.00000386
-0.00000396
-0.00000413
-0.00000411
-0.00000472
-0.00000401
-0.00000541
-0.00000285
-0.00000529
-0.00000418
-0.00000256
-0.00000238
-0.00000204
-0.00000253
-0.00000179
-0.00000178
-0.00000170
-0.00000107
-0.00000086
0.00000068
0.00000094
-0.00000033
-0.00000069
0.00000092
0.00000097
0.00000231
0.00000243
0.00000214
0.00000341
0.00000215
0.00000223
0.00000320
-0.00000287
-0.00000283
-0.00000281
-0.00000263
-0.00000271
-0.00000278
-0.00000314
-0.00000467
-0.00000281
-0.00000522
-0.00000330
-0.00000471
-0.00000405
-0.00000296
-0.00000239
-0.00000213
-0.00000241
-0.00000187
-0.00000176
-0.00000197
-0.00000115
-0.00000073
0.00000012
0.00000039
0.00000013
0.00000012
0.00000066
0.00000059
0.00000104
0.00000157
0.00000145
0.00000215
0.00000173
0.00000168
0.00000199
-0.00000278
-0.00000277
-0.00000276
-0.00000270
-0.00000273
-0.00000278
-0.00000321
-0.00000546
-0.00000270
-0.00000592
-0.00000512
-0.00000607
-0.00000573
-0.00000663
-0.00000396
-0.00000358
-0.00000386
-0.00000368
-0.00000343
-0.00000325
-0.00000259
-0.00000216
-0.00000145
-0.00000117
-0.00000123
-0.00000108
-0.00000025
-0.00000057
-0.00000034
0.00000105
0.00000075
0.00000223
0.00000168
0.00000306
0.00000236
-0.00000380
-0.00000375
-0.00000372
-0.00000352
-0.00000360
-0.00000376
-0.00000390
-0.00000521
-0.00000359
-0.00000596
-0.00000367
-0.00000592
-0.00000496
-0.00000416
-0.00000317
-0.00000278
-0.00000330
-0.00000271
-0.00000261
-0.00000253
-0.00000185
-0.00000154
0.00000014
0.00000026
-0.00000100
-0.00000127
0.00000062
0.00000049
0.00000163
0.00000206
0.00000183
0.00000320
0.00000199
0.00000236
0.00000332
