35
0.00001900
0.00001867
0.00001235
0.00000525
-0.00000168
0.00001555
0.00002660
0.00001143
0.00004221
0.00001017
0.00001509
0.00000870
0.00000065
-0.00002190
-0.00002435
-0.00001368
-0.00000836
-0.00000011
-0.00000135
-0.00000770
-0.00001241
-0.00001599
-0.00001801
-0.00000922
0.00000607
0.00001253
0.00001411
0.00000892
-0.00000328
0.00000807
-0.00000519
-0.00000127
-0.00001229
-0.00000157
-0.00006529
0.00001867
0.00001856
0.00001261
0.00000640
-0.00000056
0.00001567
0.00002725
0.00001476
0.00004135
0.00000989
0.00001938
0.00000756
0.00000101
-0.00002256
-0.00002504
-0.00001388
-0.00000958
-0.00000063
-0.00000189
-0.00000785
-0.00001225
-0.00001641
-0.00001802
-0.00000938
0.00000584
0.00001343
0.00001579
0.00001042
-0.00000189
0.00000931
-0.00000451
-0.00000059
-0.00001248
-0.00000250
-0.00006638
0.00001235
0.00001261
0.00000926
0.00000649
0.00000193
0.00001092
0.00001946
0.00001687
0.00002583
0.00000726
0.00001986
0.00000383
-0.00000046
-0.00002201
-0.00002438
-0.00001466
-0.00001210
-0.00000395
-0.00000442
-0.00000797
-0.00001064
-0.00001484
-0.00001609
-0.00000926
0.00000340
0.00001304
0.00001728
0.00001261
0.00000149
0.00000880
-0.00000201
0.00000167
-0.00001140
-0.00000225
-0.00004743
0.00000525
0.00000640
0.00000649
0.00000931
0.00000697
0.00000643
0.00001272
0.00002386
0.00000851
0.00000339
0.00003065
-0.00000235
-0.00000011
-0.00002126
-0.00002341
-0.00001411
-0.00001604
-0.00000711
-0.00000723
-0.00000791
-0.00000836
-0.00001369
-0.00001300
-0.00000817
0.00000163
0.00001467
0.00002178
0.00001765
0.00000726
0.00001024
0.00000196
0.00000528
-0.00001004
-0.00000409
-0.00003154
-0.00000168
-0.00000056
0.00000193
0.00000697
0.00000779
0.00000042
0.00000241
0.00002315
-0.00000895
0.00000172
0.00002155
-0.00000457
-0.00000428
-0.00002260
-0.00002492
-0.00001797
-0.00001909
-0.00001233
-0.00001087
-0.00000895
-0.00000772
-0.00001227
-0.00001295
-0.00000995
-0.00000238
0.00001294
0.00002200
0.00001859
0.00000956
0.00000822
0.00000368
0.00000707
-0.00000982
-0.00000168
-0.00000567
0.00001555
0.00001567
0.00001092
0.00000643
0.00000042
0.00001373
0.00002669
0.00002773
0.00003515
0.00000922
0.00002165
0.00000316
-0.00000006
-0.00001894
-0.00002092
-0.00001223
-0.00001035
-0.00000293
-0.00000305
-0.00000546
-0.00000750
-0.00001233
-0.00001460
-0.00000999
-0.00000025
0.00000917
0.00001359
0.00000886
0.00000330
0.00001322
-0.00000242
-0.00000009
-0.00000994
-0.00000535
-0.00005567
0.00002660
0.00002725
0.00001946
0.00001272
0.00000241
0.00002669
0.00007390
0.00016972
0.00006428
0.00002846
0.00005302
-0.00001506
-0.00001671
-0.00004231
-0.00004622
-0.00003831
-0.00004042
-0.00003176
-0.00002155
-0.00000413
0.00000538
-0.00001200
-0.00002974
-0.00004285
-0.00004828
-0.00000447
0.00002420
0.00001348
0.00004281
0.00006463
0.00000398
0.00000152
-0.00001742
-0.00002967
-0.00008229
0.00001143
0.00001476
0.00001687
0.00002386
0.00002315
0.00002773
0.00016972
0.00071088
0.00002673
0.00008791
0.00011701
-0.00010431
-0.00011479
-0.00015867
-0.00017306
-0.00018054
-0.00019232
-0.00019032
-0.00012809
-0.00001501
0.00005172
-0.00001005
-0.00009633
-0.00018708
-0.00025987
-0.00005748
0.00008424
0.00005418
0.00021586
0.00024642
0.00004451
0.00002777
-0.00005173
-0.00010247
0.00001798
0.00004221
0.00004135
0.00002583
0.00000851
-0.00000895
0.00003515
0.00006428
0.00002673
0.00010446
0.00001752
0.00003330
0.00001426
0.00001248
-0.00000640
-0.00000704
0.00000522
0.00000786
0.00001786
0.00001310
0.00000213
-0.00000581
-0.00001107
-0.00001169
-0.00000357
0.00000934
0.00000544
0.00000004
-0.00000603
-0.00000829
0.00001882
-0.00001125
-0.00001103
-0.00000725
-0.00001259
-0.00014107
0.00001017
0.00000989
0.00000726
0.00000339
0.00000172
0.00000922
0.00002846
0.00008791
0.00001752
0.00001935
0.00000830
-0.00000406
-0.00002207
-0.00005051
-0.00005588
-0.00004798
-0.00003928
-0.00003342
-0.00002450
-0.00001495
-0.00001030
-0.00001960
-0.00003521
-0.00003715
-0.00002915
0.00000661
0.00002846
0.00001996
0.00002351
0.00003161
0.00000154
0.00000544
-0.00002202
-0.00000645
-0.00002265
0.00001509
0.00001938
0.00001986
0.00003065
0.00002155
0.00002165
0.00005302
0.00011701
0.00003330
0.00000830
0.00011402
-0.00002072
0.00000630
-0.00003463
-0.00003744
-0.00001836
-0.00003712
-0.00001504
-0.00001464
-0.00000736
-0.00000228
-0.00002077
-0.00001734
-0.00001778
-0.00001109
0.00002459
0.00004697
0.00003758
0.00003578
0.00004726
0.00001076
0.00001221
-0.00001473
-0.00002880
-0.00009487
0.00000870
0.00000756
0.00000383
-0.00000235
-0.00000457
0.00000316
-0.00001506
-0.00010431
0.00001426
-0.00000406
-0.00002072
0.00002468
0.00000999
-0.00000770
-0.00000919
0.00000149
0.00001316
0.00001919
0.00001087
-0.00001086
-0.00002471
-0.00001754
-0.00000941
0.00001381
0.00004231
0.00002298
0.00000611
0.00000551
-0.00003540
-0.00003458
-0.00001086
-0.00000235
-0.00000829
0.00002074
-0.00003394
0.00000065
0.00000101
-0.00000046
-0.00000011
-0.00000428
-0.00000006
-0.00001671
-0.00011479
0.00001248
-0.00002207
0.00000630
0.00000999
0.00003745
0.00006991
0.00007742
0.00007141
0.00005848
0.00005481
0.00003989
0.00002211
0.00001260
0.00002344
0.00004662
0.00005268
0.00004627
-0.00000585
-0.00003878
-0.00002895
-0.00003585
-0.00003772
-0.00000564
-0.00001106
0.00002888
0.00000369
-0.00002188
-0.00002190
-0.00002256
-0.00002201
-0.00002126
-0.00002260
-0.00001894
-0.00004231
-0.00015867
-0.00000640
-0.00005051
-0.00003463
-0.00000770
0.00006991
0.00022568
0.00025058
0.00019650
0.00015523
0.00011431
0.00009362
0.00008801
0.00008847
0.00011571
0.00015307
0.00011849
0.00003484
-0.00008806
-0.00015577
-0.00012218
-0.00004644
-0.00005720
-0.00000246
-0.00003672
0.00010402
-0.00001377
0.00007500
-0.00002435
-0.00002504
-0.00002438
-0.00002341
-0.00002492
-0.00002092
-0.00004622
-0.00017306
-0.00000704
-0.00005588
-0.00003744
-0.00000919
0.00007742
0.00025058
0.00027824
0.00021804
0.00017189
0.00012642
0.00010364
0.00009795
0.00009879
0.00012878
0.00017005
0.00013112
0.00003761
-0.00009823
-0.00017291
-0.00013565
-0.00005057
-0.00006242
-0.00000245
-0.00004069
0.00011560
-0.00001593
0.00008336
-0.00001368
-0.00001388
-0.00001466
-0.00001411
-0.00001797
-0.00001223
-0.00003831
-0.00018054
0.00000522
-0.00004798
-0.00001836
0.00000149
0.00007141
0.00019650
0.00021804
0.00017814
0.00014206
0.00011247
0.00008882
0.00007334
0.00006734
0.00009254
0.00013268
0.00011361
0.00005362
-0.00006261
-0.00012943
-0.00010063
-0.00005450
-0.00006257
-0.00000543
-0.00003189
0.00008833
-0.00000702
0.00003394
-0.00000836
-0.00000958
-0.00001210
-0.00001604
-0.00001909
-0.00001035
-0.00004042
-0.00019232
0.00000786
-0.00003928
-0.00003712
0.00001316
0.00005848
0.00015523
0.00017189
0.00014206
0.00012085
0.00009694
0.00007548
0.00005457
0.00004415
0.00006875
0.00010220
0.00009560
0.00005807
-0.00004441
-0.00010567
-0.00008229
-0.00006007
-0.00006676
-0.00000995
-0.00002786
0.00006786
0.00000540
0.00002377
-0.00000011
-0.00000063
-0.00000395
-0.00000711
-0.00001233
-0.00000293
-0.00003176
-0.00019032
0.00001786
-0.00003342
-0.00001504
0.00001919
0.00005481
0.00011431
0.00012642
0.00011247
0.00009694
0.00008600
0.00006386
0.00003641
0.00002147
0.00004138
0.00007452
0.00008217
0.00006912
-0.00001694
-0.00007107
-0.00005433
-0.00006041
-0.00006391
-0.00001117
-0.00002052
0.00004743
0.00000985
-0.00001735
-0.00000135
-0.00000189
-0.00000442
-0.00000723
-0.00001087
-0.00000305
-0.00002155
-0.00012809
0.00001310
-0.00002450
-0.00001464
0.00001087
0.00003989
0.00009362
0.00010364
0.00008882
0.00007548
0.00006386
0.00004868
0.00003205
0.00002334
0.00003821
0.00006130
0.00006134
0.00004350
-0.00002147
-0.00006120
-0.00004754
-0.00004092
-0.00004329
-0.00000735
-0.00001707
0.00004000
0.00000385
-0.00000369
-0.00000770
-0.00000785
-0.00000797
-0.00000791
-0.00000895
-0.00000546
-0.00000413
-0.00001501
0.00000213
-0.00001495
-0.00000736
-0.00001086
0.00002211
0.00008801
0.00009795
0.00007334
0.00005457
0.00003641
0.00003205
0.00003811
0.00004329
0.00005066
0.00006022
0.00003786
-0.00000485
-0.00004408
-0.00006344
-0.00005094
-0.00000435
-0.00000600
0.00000187
-0.00001472
0.00004211
-0.00001414
0.00003203
-0.00001241
-0.00001225
-0.00001064
-0.00000836
-0.00000772
-0.00000750
0.00000538
0.00005172
-0.00000581
-0.00001030
-0.00000228
-0.00002471
0.00001260
0.00008847
0.00009879
0.00006734
0.00004415
0.00002147
0.00002334
0.00004329
0.00005708
0.00006021
0.00006239
0.00002571
-0.00003371
-0.00005909
-0.00006698
-0.00005459
0.00001757
0.00001588
0.00000775
-0.00001361
0.00004525
-0.00002553
0.00005582
-0.00001599
-0.00001641
-0.00001484
-0.00001369
-0.00001227
-0.00001233
-0.00001200
-0.00001005
-0.00001107
-0.00001960
-0.00002077
-0.00001754
0.00002344
0.00011571
0.00012878
0.00009254
0.00006875
0.00004138
0.00003821
0.00005066
0.00006021
0.00007030
0.00007976
0.00004605
-0.00001533
-0.00006364
-0.00008613
-0.00006894
-0.00000099
-0.00000627
0.00000418
-0.00001861
0.00005648
-0.00001808
0.00006820
-0.00001801
-0.00001802
-0.00001609
-0.00001300
-0.00001295
-0.00001460
-0.00002974
-0.00009633
-0.00001169
-0.00003521
-0.00001734
-0.00000941
0.00004662
0.00015307
0.00017005
0.00013268
0.00010220
0.00007452
0.00006130
0.00006022
0.00006239
0.00007976
0.00010511
0.00007931
0.00001969
-0.00006044
-0.00010374
-0.00008085
-0.00002644
-0.00003533
0.00000067
-0.00002322
0.00007129
-0.00001163
0.00005867
-0.00000922
-0.00000938
-0.00000926
-0.00000817
-0.00000995
-0.00000999
-0.00004285
-0.00018708
-0.00000357
-0.00003715
-0.00001778
0.00001381
0.00005268
0.00011849
0.00013112
0.00011361
0.00009560
0.00008217
0.00006134
0.00003786
0.00002571
0.00004605
0.00007931
0.00008307
0.00006424
-0.00002040
-0.00007254
-0.00005429
-0.00005581
-0.00006470
-0.00000784
-0.00001832
0.00005061
0.00000989
0.00001236
0.00000607
0.00000584
0.00000340
0.00000163
-0.00000238
-0.00000025
-0.00004828
-0.00025987
0.00000934
-0.00002915
-0.00001109
0.00004231
0.00004627
0.00003484
0.00003761
0.00005362
0.00005807
0.00006912
0.00004350
-0.00000485
-0.00003371
-0.00001533
0.00001969
0.00006424
0.00010876
0.00004272
-0.00000655
-0.00000029
-0.00008070
-0.00008690
-0.00001740
-0.00000584
0.00000652
0.00003703
-0.00005835
0.00001253
0.00001343
0.00001304
0.00001467
0.00001294
0.00000917
-0.00000447
-0.00005748
0.00000544
0.00000661
0.00002459
0.00002298
-0.00000585
-0.00008806
-0.00009823
-0.00006261
-0.00004441
-0.00001694
-0.00002147
-0.00004408
-0.00005909
-0.00006364
-0.00006044
-0.00002040
0.00004272
0.00006742
0.00007447
0.00006170
-0.00001798
-0.00001682
-0.00000614
0.00001615
-0.00004543
0.00002355
-0.00007088
0.00001411
0.00001579
0.00001728
0.00002178
0.00002200
0.00001359
0.00002420
0.00008424
0.00000004
0.00002846
0.00004697
0.00000611
-0.00003878
-0.00015577
-0.00017291
-0.00012943
-0.00010567
-0.00007107
-0.00006120
-0.00006344
-0.00006698
-0.00008613
-0.00010374
-0.00007254
-0.00000655
0.00007447
0.00011774
0.00009438
0.00002646
0.00003174
0.00000270
0.00002879
-0.00007274
0.00001093
-0.00006777
0.00000892
0.00001042
0.00001261
0.00001765
0.00001859
0.00000886
0.00001348
0.00005418
-0.00000603
0.00001996
0.00003758
0.00000551
-0.00002895
-0.00012218
-0.00013565
-0.00010063
-0.00008229
-0.00005433
-0.00004754
-0.00005094
-0.00005459
-0.00006894
-0.00008085
-0.00005429
-0.00000029
0.00006170
0.00009438
0.00007636
0.00001824
0.00002047
0.00000233
0.00002367
-0.00005723
0.00001074
-0.00004950
-0.00000328
-0.00000189
0.00000149
0.00000726
0.00000956
0.00000330
0.00004281
0.00021586
-0.00000829
0.00002351
0.00003578
-0.00003540
-0.00003585
-0.00004644
-0.00005057
-0.00005450
-0.00006007
-0.00006041
-0.00004092
-0.00000435
0.00001757
-0.00000099
-0.00002644
-0.00005581
-0.00008070
-0.00001798
0.00002646
0.00001824
0.00006844
0.00007351
0.00001605
0.00001063
-0.00001409
-0.00003068
0.00002551
0.00000807
0.00000931
0.00000880
0.00001024
0.00000822
0.00001322
0.00006463
0.00024642
0.00001882
0.00003161
0.00004726
-0.00003458
-0.00003772
-0.00005720
-0.00006242
-0.00006257
-0.00006676
-0.00006391
-0.00004329
-0.00000600
0.00001588
-0.00000627
-0.00003533
-0.00006470
-0.00008690
-0.00001682
0.00003174
0.00002047
0.00007351
0.00008651
0.00001449
0.00000930
-0.00001950
-0.00003642
-0.00001025
-0.00000519
-0.00000451
-0.00000201
0.00000196
0.00000368
-0.00000242
0.00000398
0.00004451
-0.00001125
0.00000154
0.00001076
-0.00001086
-0.00000564
-0.00000246
-0.00000245
-0.00000543
-0.00000995
-0.00001117
-0.00000735
0.00000187
0.00000775
0.00000418
0.00000067
-0.00000784
-0.00001740
-0.00000614
0.00000270
0.00000233
0.00001605
0.00001449
0.00000532
0.00000288
0.00000098
-0.00000770
0.00001721
-0.00000127
-0.00000059
0.00000167
0.00000528
0.00000707
-0.00000009
0.00000152
0.00002777
-0.00001103
0.00000544
0.00001221
-0.00000235
-0.00001106
-0.00003672
-0.00004069
-0.00003189
-0.00002786
-0.00002052
-0.00001707
-0.00001472
-0.00001361
-0.00001861
-0.00002322
-0.00001832
-0.00000584
0.00001615
0.00002879
0.00002367
0.00001063
0.00000930
0.00000288
0.00000849
-0.00001633
0.00000167
-0.00000148
-0.00001229
-0.00001248
-0.00001140
-0.00001004
-0.00000982
-0.00000994
-0.00001742
-0.00005173
-0.00000725
-0.00002202
-0.00001473
-0.00000829
0.00002888
0.00010402
0.00011560
0.00008833
0.00006786
0.00004743
0.00004000
0.00004211
0.00004525
0.00005648
0.00007129
0.00005061
0.00000652
-0.00004543
-0.00007274
-0.00005723
-0.00001409
-0.00001950
0.00000098
-0.00001633
0.00004896
-0.00000983
0.00004448
-0.00000157
-0.00000250
-0.00000225
-0.00000409
-0.00000168
-0.00000535
-0.00002967
-0.00010247
-0.00001259
-0.00000645
-0.00002880
0.00002074
0.00000369
-0.00001377
-0.00001593
-0.00000702
0.00000540
0.00000985
0.00000385
-0.00001414
-0.00002553
-0.00001808
-0.00001163
0.00000989
0.00003703
0.00002355
0.00001093
0.00001074
-0.00003068
-0.00003642
-0.00000770
0.00000167
-0.00000983
0.00002401
0.00000132
-0.00006529
-0.00006638
-0.00004743
-0.00003154
-0.00000567
-0.00005567
-0.00008229
0.00001798
-0.00014107
-0.00002265
-0.00009487
-0.00003394
-0.00002188
0.00007500
0.00008336
0.00003394
0.00002377
-0.00001735
-0.00000369
0.00003203
0.00005582
0.00006820
0.00005867
0.00001236
-0.00005835
-0.00007088
-0.00006777
-0.00004950
0.00002551
-0.00001025
0.00001721
-0.00000148
0.00004448
0.00000132
0.00026173
