35
0.00002797
0.00002723
0.00002527
0.00002150
0.00001982
0.00001513
0.00001210
0.00000413
0.00000657
-0.00000090
-0.00000087
0.00000366
0.00000210
0.00000663
0.00000959
0.00000656
0.00001297
0.00001462
0.00001121
0.00000625
0.00000709
0.00000845
0.00001365
0.00001443
0.00001215
0.00000787
0.00000657
0.00000311
-0.00000183
-0.00001089
-0.00002201
-0.00002198
-0.00001994
-0.00001865
-0.00001494
0.00002723
0.00002733
0.00002576
0.00002446
0.00002216
0.00001697
0.00001344
-0.00000208
0.00000955
-0.00000142
0.00000738
-0.00000055
0.00000661
0.00001070
0.00000828
0.00001450
0.00001240
0.00001593
0.00001227
0.00000526
0.00000698
0.00000352
0.00001749
0.00001742
0.00001375
0.00000875
0.00001169
0.00000619
0.00000222
-0.00000591
-0.00001754
-0.00001881
-0.00001961
-0.00002495
-0.00001669
0.00002527
0.00002576
0.00002452
0.00002449
0.00002204
0.00001695
0.00001341
-0.00000485
0.00001064
-0.00000152
0.00001067
-0.00000261
0.00000829
0.00001202
0.00000716
0.00001737
0.00001135
0.00001550
0.00001196
0.00000428
0.00000639
0.00000090
0.00001821
0.00001788
0.00001376
0.00000862
0.00001341
0.00000728
0.00000411
-0.00000303
-0.00001416
-0.00001615
-0.00001843
-0.00002647
-0.00001664
0.00002150
0.00002446
0.00002449
0.00003208
0.00002774
0.00002128
0.00001634
-0.00002438
0.00001861
-0.00000308
0.00003580
-0.00001573
0.00002188
0.00002399
0.00000266
0.00004109
0.00000888
0.00001866
0.00001451
0.00000118
0.00000577
-0.00001442
0.00002905
0.00002607
0.00001773
0.00001077
0.00002846
0.00001628
0.00001611
0.00001211
-0.00000008
-0.00000585
-0.00001593
-0.00004408
-0.00002042
0.00001982
0.00002216
0.00002204
0.00002774
0.00002431
0.00001899
0.00001473
-0.00001818
0.00001636
-0.00000196
0.00002777
-0.00001185
0.00001755
0.00001973
0.00000323
0.00003315
0.00000839
0.00001617
0.00001253
0.00000135
0.00000526
-0.00001042
0.00002434
0.00002219
0.00001548
0.00000956
0.00002330
0.00001345
0.00001308
0.00000923
-0.00000147
-0.00000638
-0.00001523
-0.00003705
-0.00001844
0.00001513
0.00001697
0.00001695
0.00002128
0.00001899
0.00001545
0.00001206
-0.00001235
0.00001388
-0.00000016
0.00002009
-0.00000807
0.00001346
0.00001510
0.00000292
0.00002494
0.00000671
0.00001227
0.00000952
0.00000115
0.00000431
-0.00000725
0.00001840
0.00001691
0.00001209
0.00000783
0.00001786
0.00001070
0.00001070
0.00000805
-0.00000004
-0.00000405
-0.00001246
-0.00002868
-0.00001546
0.00001210
0.00001344
0.00001341
0.00001634
0.00001473
0.00001206
0.00000967
-0.00000788
0.00001099
-0.00000011
0.00001399
-0.00000549
0.00000953
0.00001094
0.00000255
0.00001776
0.00000528
0.00000926
0.00000716
0.00000069
0.00000311
-0.00000484
0.00001366
0.00001283
0.00000936
0.00000592
0.00001291
0.00000782
0.00000783
0.00000574
-0.00000038
-0.00000343
-0.00001009
-0.00002151
-0.00001285
0.00000413
-0.00000208
-0.00000485
-0.00002438
-0.00001818
-0.00001235
-0.00000788
0.00005624
-0.00001847
0.00000765
-0.00006927
0.00003710
-0.00003640
-0.00003362
0.00001114
-0.00006597
0.00000451
-0.00001180
-0.00000930
0.00000726
0.00000071
0.00004092
-0.00003217
-0.00002492
-0.00001245
-0.00000611
-0.00004155
-0.00002345
-0.00002966
-0.00003518
-0.00002977
-0.00001993
-0.00000413
0.00004950
0.00000766
0.00000657
0.00000955
0.00001064
0.00001861
0.00001636
0.00001388
0.00001099
-0.00001847
0.00001680
0.00000022
0.00002756
-0.00001335
0.00001717
0.00001716
-0.00000096
0.00003080
0.00000243
0.00000901
0.00000709
-0.00000227
0.00000170
-0.00001448
0.00001821
0.00001610
0.00001057
0.00000656
0.00002100
0.00001311
0.00001595
0.00001725
0.00001190
0.00000581
-0.00000751
-0.00002996
-0.00001423
-0.00000090
-0.00000142
-0.00000152
-0.00000308
-0.00000196
-0.00000016
-0.00000011
0.00000765
0.00000022
0.00000627
-0.00000747
0.00000653
-0.00000157
-0.00000209
0.00000209
-0.00000639
0.00000119
-0.00000145
-0.00000084
0.00000246
0.00000194
0.00000567
-0.00000322
-0.00000264
-0.00000103
0.00000114
-0.00000281
-0.00000045
-0.00000088
-0.00000108
-0.00000047
0.00000102
0.00000083
0.00000348
-0.00000316
-0.00000087
0.00000738
0.00001067
0.00003580
0.00002777
0.00002009
0.00001399
-0.00006927
0.00002756
-0.00000747
0.00009206
-0.00004390
0.00004995
0.00004577
-0.00001191
0.00008690
-0.00000308
0.00001889
0.00001464
-0.00000676
0.00000198
-0.00005078
0.00004534
0.00003529
0.00001910
0.00001107
0.00005657
0.00003289
0.00004024
0.00004638
0.00003758
0.00002661
0.00000357
-0.00007101
-0.00002110
0.00000366
-0.00000055
-0.00000261
-0.00001573
-0.00001185
-0.00000807
-0.00000549
0.00003710
-0.00001335
0.00000653
-0.00004390
0.00002719
-0.00002234
-0.00002092
0.00000829
-0.00004321
0.00000411
-0.00000616
-0.00000497
0.00000728
0.00000269
0.00002830
-0.00002004
-0.00001598
-0.00000776
-0.00000267
-0.00002625
-0.00001471
-0.00001969
-0.00002422
-0.00002130
-0.00001271
-0.00000085
0.00003053
0.00000173
0.00000210
0.00000661
0.00000829
0.00002188
0.00001755
0.00001346
0.00000953
-0.00003640
0.00001717
-0.00000157
0.00004995
-0.00002234
0.00002862
0.00002641
-0.00000494
0.00004867
0.00000020
0.00001188
0.00000936
-0.00000215
0.00000276
-0.00002607
0.00002639
0.00002091
0.00001196
0.00000785
0.00003243
0.00001935
0.00002300
0.00002564
0.00001952
0.00001361
-0.00000012
-0.00004184
-0.00001494
0.00000663
0.00001070
0.00001202
0.00002399
0.00001973
0.00001510
0.00001094
-0.00003362
0.00001716
-0.00000209
0.00004577
-0.00002092
0.00002641
0.00002568
-0.00000320
0.00004616
0.00000205
0.00001320
0.00001025
-0.00000184
0.00000320
-0.00002334
0.00002653
0.00002198
0.00001325
0.00000828
0.00003103
0.00001818
0.00002102
0.00002203
0.00001470
0.00000862
-0.00000388
-0.00004162
-0.00001579
0.00000959
0.00000828
0.00000716
0.00000266
0.00000323
0.00000292
0.00000255
0.00001114
-0.00000096
0.00000209
-0.00001191
0.00000829
-0.00000494
-0.00000320
0.00000528
-0.00000900
0.00000521
0.00000289
0.00000219
0.00000392
0.00000307
0.00001012
-0.00000095
0.00000040
0.00000185
0.00000197
-0.00000458
-0.00000259
-0.00000533
-0.00000926
-0.00001201
-0.00000991
-0.00000667
0.00000197
-0.00000447
0.00000656
0.00001450
0.00001737
0.00004109
0.00003315
0.00002494
0.00001776
-0.00006597
0.00003080
-0.00000639
0.00008690
-0.00004321
0.00004867
0.00004616
-0.00000900
0.00008731
0.00000071
0.00002142
0.00001699
-0.00000574
0.00000315
-0.00004707
0.00004727
0.00003823
0.00002194
0.00001287
0.00005687
0.00003319
0.00003970
0.00004381
0.00003208
0.00001922
-0.00000500
-0.00007359
-0.00002114
0.00001297
0.00001240
0.00001135
0.00000888
0.00000839
0.00000671
0.00000528
0.00000451
0.00000243
0.00000119
-0.00000308
0.00000411
0.00000020
0.00000205
0.00000521
0.00000071
0.00000667
0.00000650
0.00000522
0.00000416
0.00000413
0.00000618
0.00000518
0.00000554
0.00000513
0.00000395
0.00000186
0.00000107
-0.00000163
-0.00000616
-0.00001127
-0.00001041
-0.00000911
-0.00000728
-0.00000698
0.00001462
0.00001593
0.00001550
0.00001866
0.00001617
0.00001227
0.00000926
-0.00001180
0.00000901
-0.00000145
0.00001889
-0.00000616
0.00001188
0.00001320
0.00000289
0.00002142
0.00000650
0.00001204
0.00000920
0.00000263
0.00000482
-0.00000554
0.00001680
0.00001484
0.00001042
0.00000690
0.00001543
0.00000871
0.00000745
0.00000383
-0.00000395
-0.00000567
-0.00000942
-0.00002498
-0.00001313
0.00001121
0.00001227
0.00001196
0.00001451
0.00001253
0.00000952
0.00000716
-0.00000930
0.00000709
-0.00000084
0.00001464
-0.00000497
0.00000936
0.00001025
0.00000219
0.00001699
0.00000522
0.00000920
0.00000740
0.00000222
0.00000384
-0.00000433
0.00001298
0.00001140
0.00000804
0.00000534
0.00001218
0.00000700
0.00000602
0.00000315
-0.00000293
-0.00000425
-0.00000744
-0.00001963
-0.00000945
0.00000625
0.00000526
0.00000428
0.00000118
0.00000135
0.00000115
0.00000069
0.00000726
-0.00000227
0.00000246
-0.00000676
0.00000728
-0.00000215
-0.00000184
0.00000392
-0.00000574
0.00000416
0.00000263
0.00000222
0.00000487
0.00000364
0.00000786
-0.00000026
-0.00000022
0.00000081
0.00000196
-0.00000257
-0.00000131
-0.00000396
-0.00000713
-0.00000940
-0.00000629
-0.00000263
0.00000083
-0.00000316
0.00000709
0.00000698
0.00000639
0.00000577
0.00000526
0.00000431
0.00000311
0.00000071
0.00000170
0.00000194
0.00000198
0.00000269
0.00000276
0.00000320
0.00000307
0.00000315
0.00000413
0.00000482
0.00000384
0.00000364
0.00000376
0.00000271
0.00000464
0.00000408
0.00000349
0.00000338
0.00000343
0.00000223
0.00000058
-0.00000207
-0.00000538
-0.00000393
-0.00000361
-0.00000717
-0.00000660
0.00000845
0.00000352
0.00000090
-0.00001442
-0.00001042
-0.00000725
-0.00000484
0.00004092
-0.00001448
0.00000567
-0.00005078
0.00002830
-0.00002607
-0.00002334
0.00001012
-0.00004707
0.00000618
-0.00000554
-0.00000433
0.00000786
0.00000271
0.00003235
-0.00002098
-0.00001596
-0.00000736
-0.00000292
-0.00002929
-0.00001690
-0.00002317
-0.00002964
-0.00002821
-0.00002023
-0.00000579
0.00003357
0.00000512
0.00001365
0.00001749
0.00001821
0.00002905
0.00002434
0.00001840
0.00001366
-0.00003217
0.00001821
-0.00000322
0.00004534
-0.00002004
0.00002639
0.00002653
-0.00000095
0.00004727
0.00000518
0.00001680
0.00001298
-0.00000026
0.00000464
-0.00002098
0.00002979
0.00002517
0.00001593
0.00000988
0.00003202
0.00001849
0.00001986
0.00001858
0.00000849
0.00000244
-0.00000896
-0.00004538
-0.00001837
0.00001443
0.00001742
0.00001788
0.00002607
0.00002219
0.00001691
0.00001283
-0.00002492
0.00001610
-0.00000264
0.00003529
-0.00001598
0.00002091
0.00002198
0.00000040
0.00003823
0.00000554
0.00001484
0.00001140
-0.00000022
0.00000408
-0.00001596
0.00002517
0.00002210
0.00001441
0.00000869
0.00002616
0.00001500
0.00001584
0.00001390
0.00000462
-0.00000077
-0.00001019
-0.00003839
-0.00001695
0.00001215
0.00001375
0.00001376
0.00001773
0.00001548
0.00001209
0.00000936
-0.00001245
0.00001057
-0.00000103
0.00001910
-0.00000776
0.00001196
0.00001325
0.00000185
0.00002194
0.00000513
0.00001042
0.00000804
0.00000081
0.00000349
-0.00000736
0.00001593
0.00001441
0.00001001
0.00000625
0.00001558
0.00000904
0.00000893
0.00000660
-0.00000007
-0.00000303
-0.00000885
-0.00002448
-0.00001272
0.00000787
0.00000875
0.00000862
0.00001077
0.00000956
0.00000783
0.00000592
-0.00000611
0.00000656
0.00000114
0.00001107
-0.00000267
0.00000785
0.00000828
0.00000197
0.00001287
0.00000395
0.00000690
0.00000534
0.00000196
0.00000338
-0.00000292
0.00000988
0.00000869
0.00000625
0.00000473
0.00000969
0.00000596
0.00000551
0.00000378
-0.00000063
-0.00000162
-0.00000522
-0.00001546
-0.00000952
0.00000657
0.00001169
0.00001341
0.00002846
0.00002330
0.00001786
0.00001291
-0.00004155
0.00002100
-0.00000281
0.00005657
-0.00002625
0.00003243
0.00003103
-0.00000458
0.00005687
0.00000186
0.00001543
0.00001218
-0.00000257
0.00000343
-0.00002929
0.00003202
0.00002616
0.00001558
0.00000969
0.00003791
0.00002235
0.00002614
0.00002797
0.00001950
0.00001185
-0.00000414
-0.00005032
-0.00001781
0.00000311
0.00000619
0.00000728
0.00001628
0.00001345
0.00001070
0.00000782
-0.00002345
0.00001311
-0.00000045
0.00003289
-0.00001471
0.00001935
0.00001818
-0.00000259
0.00003319
0.00000107
0.00000871
0.00000700
-0.00000131
0.00000223
-0.00001690
0.00001849
0.00001500
0.00000904
0.00000596
0.00002235
0.00001356
0.00001601
0.00001744
0.00001273
0.00000831
-0.00000217
-0.00002966
-0.00001140
-0.00000183
0.00000222
0.00000411
0.00001611
0.00001308
0.00001070
0.00000783
-0.00002966
0.00001595
-0.00000088
0.00004024
-0.00001969
0.00002300
0.00002102
-0.00000533
0.00003970
-0.00000163
0.00000745
0.00000602
-0.00000396
0.00000058
-0.00002317
0.00001986
0.00001584
0.00000893
0.00000551
0.00002614
0.00001601
0.00002057
0.00002459
0.00002124
0.00001496
0.00000032
-0.00003288
-0.00001115
-0.00001089
-0.00000591
-0.00000303
0.00001211
0.00000923
0.00000805
0.00000574
-0.00003518
0.00001725
-0.00000108
0.00004638
-0.00002422
0.00002564
0.00002203
-0.00000926
0.00004381
-0.00000616
0.00000383
0.00000315
-0.00000713
-0.00000207
-0.00002964
0.00001858
0.00001390
0.00000660
0.00000378
0.00002797
0.00001744
0.00002459
0.00003250
0.00003222
0.00002436
0.00000586
-0.00003211
-0.00000835
-0.00002201
-0.00001754
-0.00001416
-0.00000008
-0.00000147
-0.00000004
-0.00000038
-0.00002977
0.00001190
-0.00000047
0.00003758
-0.00002130
0.00001952
0.00001470
-0.00001201
0.00003208
-0.00001127
-0.00000395
-0.00000293
-0.00000940
-0.00000538
-0.00002821
0.00000849
0.00000462
-0.00000007
-0.00000063
0.00001950
0.00001273
0.00002124
0.00003222
0.00003751
0.00003075
0.00001362
-0.00001754
-0.00000094
-0.00002198
-0.00001881
-0.00001615
-0.00000585
-0.00000638
-0.00000405
-0.00000343
-0.00001993
0.00000581
0.00000102
0.00002661
-0.00001271
0.00001361
0.00000862
-0.00000991
0.00001922
-0.00001041
-0.00000567
-0.00000425
-0.00000629
-0.00000393
-0.00002023
0.00000244
-0.00000077
-0.00000303
-0.00000162
0.00001185
0.00000831
0.00001496
0.00002436
0.00003075
0.00002834
0.00001623
-0.00000844
-0.00000096
-0.00001994
-0.00001961
-0.00001843
-0.00001593
-0.00001523
-0.00001246
-0.00001009
-0.00000413
-0.00000751
0.00000083
0.00000357
-0.00000085
-0.00000012
-0.00000388
-0.00000667
-0.00000500
-0.00000911
-0.00000942
-0.00000744
-0.00000263
-0.00000361
-0.00000579
-0.00000896
-0.00001019
-0.00000885
-0.00000522
-0.00000414
-0.00000217
0.00000032
0.00000586
0.00001362
0.00001623
0.00001833
0.00001244
0.00000752
-0.00001865
-0.00002495
-0.00002647
-0.00004408
-0.00003705
-0.00002868
-0.00002151
0.00004950
-0.00002996
0.00000348
-0.00007101
0.00003053
-0.00004184
-0.00004162
0.00000197
-0.00007359
-0.00000728
-0.00002498
-0.00001963
0.00000083
-0.00000717
0.00003357
-0.00004538
-0.00003839
-0.00002448
-0.00001546
-0.00005032
-0.00002966
-0.00003288
-0.00003211
-0.00001754
-0.00000844
0.00001244
0.00007148
0.00003091
-0.00001494
-0.00001669
-0.00001664
-0.00002042
-0.00001844
-0.00001546
-0.00001285
0.00000766
-0.00001423
-0.00000316
-0.00002110
0.00000173
-0.00001494
-0.00001579
-0.00000447
-0.00002114
-0.00000698
-0.00001313
-0.00000945
-0.00000316
-0.00000660
0.00000512
-0.00001837
-0.00001695
-0.00001272
-0.00000952
-0.00001781
-0.00001140
-0.00001115
-0.00000835
-0.00000094
-0.00000096
0.00000752
0.00003091
0.00002919
