35
0.00008688
0.00008558
0.00007761
0.00006420
0.00005723
0.00006501
0.00007573
0.00004783
0.00009541
0.00005850
0.00003650
0.00004309
0.00003733
-0.00000368
-0.00000324
0.00000740
0.00001334
0.00003218
0.00001725
0.00001169
0.00000239
0.00000112
-0.00004686
0.00001920
0.00001746
0.00000728
0.00002945
0.00000791
0.00000146
0.00000511
-0.00003311
-0.00004399
-0.00006688
-0.00004985
-0.00012475
0.00008558
0.00008555
0.00007780
0.00006786
0.00006037
0.00006677
0.00007747
0.00004494
0.00009741
0.00005798
0.00004863
0.00003832
0.00004230
-0.00000029
-0.00000533
0.00001509
0.00001164
0.00003175
0.00001762
0.00001076
0.00000261
-0.00000396
-0.00004094
0.00002134
0.00001983
0.00001081
0.00003516
0.00001190
0.00000481
0.00001067
-0.00002904
-0.00004130
-0.00006632
-0.00005595
-0.00012600
0.00007761
0.00007780
0.00007463
0.00006919
0.00006346
0.00006210
0.00007059
0.00004533
0.00008314
0.00005422
0.00005586
0.00003199
0.00004329
0.00000276
-0.00000450
0.00001844
0.00000842
0.00003142
0.00001515
0.00000941
0.00000354
-0.00000537
-0.00004343
0.00002489
0.00001304
0.00000299
0.00004101
0.00001701
0.00001685
0.00001558
-0.00001877
-0.00003139
-0.00006566
-0.00006122
-0.00011081
0.00006420
0.00006786
0.00006919
0.00007786
0.00007218
0.00006049
0.00006462
0.00003085
0.00007079
0.00004497
0.00009303
0.00001003
0.00005579
0.00001514
-0.00000856
0.00004251
0.00000096
0.00003111
0.00001302
0.00000379
0.00000351
-0.00002236
-0.00003055
0.00003182
0.00001305
0.00000442
0.00005891
0.00003063
0.00003311
0.00003180
0.00000058
-0.00001496
-0.00006072
-0.00007797
-0.00009537
0.00005723
0.00006037
0.00006346
0.00007218
0.00007090
0.00005345
0.00005389
0.00003730
0.00005310
0.00004694
0.00007499
0.00001332
0.00004828
0.00000925
-0.00000970
0.00003046
-0.00000240
0.00002259
0.00000812
0.00000438
0.00000460
-0.00001557
-0.00003413
0.00002590
0.00000904
0.00000435
0.00005367
0.00002806
0.00003080
0.00002605
-0.00000185
-0.00001720
-0.00006032
-0.00006823
-0.00006813
0.00006501
0.00006677
0.00006210
0.00006049
0.00005345
0.00005984
0.00007055
0.00004297
0.00008868
0.00004976
0.00006341
0.00002103
0.00004355
0.00000605
-0.00000818
0.00002513
0.00000306
0.00002518
0.00001079
0.00000427
0.00000146
-0.00001505
-0.00003871
0.00001567
0.00000873
0.00000285
0.00003775
0.00001479
0.00001741
0.00002686
-0.00000713
-0.00002107
-0.00005245
-0.00005782
-0.00010942
0.00007573
0.00007747
0.00007059
0.00006462
0.00005389
0.00007055
0.00012062
0.00020139
0.00011874
0.00007794
0.00009635
0.00001662
0.00003209
-0.00001093
-0.00002529
0.00000074
-0.00002063
-0.00000196
-0.00000442
0.00001182
0.00001755
-0.00000639
-0.00005822
-0.00001304
-0.00004195
-0.00001363
0.00004558
0.00001875
0.00005815
0.00007962
0.00000141
-0.00001907
-0.00006393
-0.00007992
-0.00013393
0.00004783
0.00004494
0.00004533
0.00003085
0.00003730
0.00004297
0.00020139
0.00083301
0.00004639
0.00015445
0.00009200
-0.00000620
-0.00009575
-0.00014102
-0.00012081
-0.00020393
-0.00015253
-0.00017288
-0.00011506
0.00001627
0.00006562
0.00004896
-0.00016802
-0.00018655
-0.00027176
-0.00006769
0.00004986
0.00003108
0.00018645
0.00022000
0.00001493
-0.00001256
-0.00010004
-0.00007428
0.00000723
0.00009541
0.00009741
0.00008314
0.00007079
0.00005310
0.00008868
0.00011874
0.00004639
0.00017636
0.00007609
0.00008731
0.00003691
0.00007059
0.00002438
0.00000548
0.00005344
0.00002047
0.00004686
0.00002959
0.00001691
0.00000623
-0.00001412
-0.00004034
0.00003021
0.00001970
-0.00000323
0.00003094
0.00000245
0.00001614
0.00004616
-0.00000737
-0.00003049
-0.00005598
-0.00007690
-0.00020596
0.00005850
0.00005798
0.00005422
0.00004497
0.00004694
0.00004976
0.00007794
0.00015445
0.00007609
0.00013633
-0.00000080
0.00006735
0.00003575
-0.00001153
-0.00002721
-0.00001096
0.00000032
0.00001153
0.00000756
0.00003756
0.00002682
0.00002503
-0.00006750
0.00000011
0.00002230
0.00006185
0.00006392
0.00003754
0.00004164
0.00007133
0.00000058
-0.00003188
-0.00007113
-0.00005468
-0.00010092
0.00003650
0.00004863
0.00005586
0.00009303
0.00007499
0.00006341
0.00009635
0.00009200
0.00008731
-0.00000080
0.00030358
-0.00003162
0.00009914
0.00003865
-0.00001993
0.00008532
-0.00003527
0.00000897
-0.00000491
-0.00002278
-0.00000827
-0.00008388
-0.00002633
0.00001512
-0.00006161
-0.00006667
0.00007718
0.00004803
0.00007850
0.00007013
0.00004857
0.00005056
-0.00003797
-0.00010675
-0.00011140
0.00004309
0.00003832
0.00003199
0.00001003
0.00001332
0.00002103
0.00001662
-0.00000620
0.00003691
0.00006735
-0.00003162
0.00012741
0.00004478
0.00001474
0.00003305
-0.00000408
0.00005308
0.00003537
0.00002640
0.00003309
0.00000523
0.00004555
-0.00005597
0.00001685
0.00005260
0.00003730
-0.00000607
-0.00000557
-0.00005089
-0.00004672
-0.00003504
-0.00003718
-0.00003833
0.00002320
-0.00007036
0.00003733
0.00004230
0.00004329
0.00005579
0.00004828
0.00004355
0.00003209
-0.00009575
0.00007059
0.00003575
0.00009914
0.00004478
0.00012009
0.00013539
0.00010334
0.00015449
0.00008581
0.00009407
0.00006645
0.00004626
0.00003369
0.00001770
0.00003340
0.00009413
0.00005996
-0.00000718
0.00000398
-0.00000860
-0.00000312
-0.00000009
0.00001356
-0.00001436
-0.00000909
-0.00006732
-0.00007358
-0.00000368
-0.00000029
0.00000276
0.00001514
0.00000925
0.00000605
-0.00001093
-0.00014102
0.00002438
-0.00001153
0.00003865
0.00001474
0.00013539
0.00031097
0.00028925
0.00028597
0.00019538
0.00015954
0.00012775
0.00010143
0.00009816
0.00010370
0.00016008
0.00017007
0.00005614
-0.00006598
-0.00011517
-0.00009527
-0.00002770
-0.00002184
0.00002733
-0.00003434
0.00006773
-0.00006842
0.00006230
-0.00000324
-0.00000533
-0.00000450
-0.00000856
-0.00000970
-0.00000818
-0.00002529
-0.00012081
0.00000548
-0.00002721
-0.00001993
0.00003305
0.00010334
0.00028925
0.00031603
0.00024028
0.00020347
0.00014960
0.00011987
0.00010841
0.00010241
0.00014373
0.00014610
0.00015155
0.00003450
-0.00010028
-0.00017511
-0.00013667
-0.00006037
-0.00006655
-0.00000366
-0.00005340
0.00008201
-0.00002298
0.00008328
0.00000740
0.00001509
0.00001844
0.00004251
0.00003046
0.00002513
0.00000074
-0.00020393
0.00005344
-0.00001096
0.00008532
-0.00000408
0.00015449
0.00028597
0.00024028
0.00030256
0.00017361
0.00016348
0.00012463
0.00008450
0.00007980
0.00005830
0.00015710
0.00017869
0.00008776
-0.00003453
-0.00005811
-0.00005727
-0.00001075
0.00000133
0.00004067
-0.00001876
0.00005175
-0.00009848
0.00000120
0.00001334
0.00001164
0.00000842
0.00000096
-0.00000240
0.00000306
-0.00002063
-0.00015253
0.00002047
0.00000032
-0.00003527
0.00005308
0.00008581
0.00019538
0.00020347
0.00017361
0.00015695
0.00012622
0.00010011
0.00007800
0.00006019
0.00009199
0.00010138
0.00012348
0.00008434
-0.00001047
-0.00008975
-0.00007044
-0.00006086
-0.00005713
-0.00001226
-0.00004741
0.00003849
-0.00001490
0.00000905
0.00003218
0.00003175
0.00003142
0.00003111
0.00002259
0.00002518
-0.00000196
-0.00017288
0.00004686
0.00001153
0.00000897
0.00003537
0.00009407
0.00015954
0.00014960
0.00016348
0.00012622
0.00013643
0.00009016
0.00005471
0.00003606
0.00004524
0.00005868
0.00012530
0.00009538
0.00000382
-0.00002965
-0.00002932
-0.00003229
-0.00003040
0.00000438
-0.00002687
0.00000754
-0.00004426
-0.00006549
0.00001725
0.00001762
0.00001515
0.00001302
0.00000812
0.00001079
-0.00000442
-0.00011506
0.00002959
0.00000756
-0.00000491
0.00002640
0.00006645
0.00012775
0.00011987
0.00012463
0.00010011
0.00009016
0.00007977
0.00006124
0.00004636
0.00005513
0.00008981
0.00009116
0.00007994
0.00001849
-0.00003623
-0.00002879
-0.00002591
-0.00002905
-0.00001879
-0.00004232
0.00001972
-0.00002230
-0.00001845
0.00001169
0.00001076
0.00000941
0.00000379
0.00000438
0.00000427
0.00001182
0.00001627
0.00001691
0.00003756
-0.00002278
0.00003309
0.00004626
0.00010143
0.00010841
0.00008450
0.00007800
0.00005471
0.00006124
0.00009293
0.00008814
0.00010093
0.00008587
0.00005312
0.00004127
0.00000529
-0.00004437
-0.00003568
0.00001596
0.00000567
-0.00002659
-0.00005066
0.00003297
-0.00003015
-0.00000398
0.00000239
0.00000261
0.00000354
0.00000351
0.00000460
0.00000146
0.00001755
0.00006562
0.00000623
0.00002682
-0.00000827
0.00000523
0.00003369
0.00009816
0.00010241
0.00007980
0.00006019
0.00003606
0.00004636
0.00008814
0.00009675
0.00009882
0.00009188
0.00003849
0.00000632
-0.00001929
-0.00004568
-0.00003830
0.00004188
0.00002905
-0.00001319
-0.00003804
0.00004282
-0.00004674
0.00001899
0.00000112
-0.00000396
-0.00000537
-0.00002236
-0.00001557
-0.00001505
-0.00000639
0.00004896
-0.00001412
0.00002503
-0.00008388
0.00004555
0.00001770
0.00010370
0.00014373
0.00005830
0.00009199
0.00004524
0.00005513
0.00010093
0.00009882
0.00014276
0.00008312
0.00004315
0.00001958
-0.00001956
-0.00009486
-0.00007103
-0.00000455
-0.00001955
-0.00003802
-0.00006216
0.00005005
0.00000027
0.00004390
-0.00004686
-0.00004094
-0.00004343
-0.00003055
-0.00003413
-0.00003871
-0.00005822
-0.00016802
-0.00004034
-0.00006750
-0.00002633
-0.00005597
0.00003340
0.00016008
0.00014610
0.00015710
0.00010138
0.00005868
0.00008981
0.00008587
0.00009188
0.00008312
0.00026979
0.00009317
0.00008300
0.00002094
-0.00008204
-0.00005117
-0.00001129
-0.00003027
-0.00002273
-0.00003701
0.00011586
-0.00002213
0.00009372
0.00001920
0.00002134
0.00002489
0.00003182
0.00002590
0.00001567
-0.00001304
-0.00018655
0.00003021
0.00000011
0.00001512
0.00001685
0.00009413
0.00017007
0.00015155
0.00017869
0.00012348
0.00012530
0.00009116
0.00005312
0.00003849
0.00004315
0.00009317
0.00014173
0.00009547
0.00000604
-0.00002330
-0.00002351
-0.00002148
-0.00002235
0.00001640
-0.00001961
0.00001270
-0.00005714
-0.00002655
0.00001746
0.00001983
0.00001304
0.00001305
0.00000904
0.00000873
-0.00004195
-0.00027176
0.00001970
0.00002230
-0.00006161
0.00005260
0.00005996
0.00005614
0.00003450
0.00008776
0.00008434
0.00009538
0.00007994
0.00004127
0.00000632
0.00001958
0.00008300
0.00009547
0.00020927
0.00016887
0.00004503
0.00003672
-0.00006523
-0.00004847
-0.00003170
-0.00004735
0.00000205
0.00000522
-0.00009775
0.00000728
0.00001081
0.00000299
0.00000442
0.00000435
0.00000285
-0.00001363
-0.00006769
-0.00000323
0.00006185
-0.00006667
0.00003730
-0.00000718
-0.00006598
-0.00010028
-0.00003453
-0.00001047
0.00000382
0.00001849
0.00000529
-0.00001929
-0.00001956
0.00002094
0.00000604
0.00016887
0.00024293
0.00012454
0.00010190
-0.00002328
0.00002127
-0.00002222
-0.00003356
-0.00003817
0.00001371
-0.00008916
0.00002945
0.00003516
0.00004101
0.00005891
0.00005367
0.00003775
0.00004558
0.00004986
0.00003094
0.00006392
0.00007718
-0.00000607
0.00000398
-0.00011517
-0.00017511
-0.00005811
-0.00008975
-0.00002965
-0.00003623
-0.00004437
-0.00004568
-0.00009486
-0.00008204
-0.00002330
0.00004503
0.00012454
0.00019061
0.00013875
0.00007989
0.00009470
0.00003840
0.00003990
-0.00008745
-0.00006903
-0.00013123
0.00000791
0.00001190
0.00001701
0.00003063
0.00002806
0.00001479
0.00001875
0.00003108
0.00000245
0.00003754
0.00004803
-0.00000557
-0.00000860
-0.00009527
-0.00013667
-0.00005727
-0.00007044
-0.00002932
-0.00002879
-0.00003568
-0.00003830
-0.00007103
-0.00005117
-0.00002351
0.00003672
0.00010190
0.00013875
0.00010828
0.00005341
0.00006143
0.00002612
0.00003413
-0.00006001
-0.00003206
-0.00007824
0.00000146
0.00000481
0.00001685
0.00003311
0.00003080
0.00001741
0.00005815
0.00018645
0.00001614
0.00004164
0.00007850
-0.00005089
-0.00000312
-0.00002770
-0.00006037
-0.00001075
-0.00006086
-0.00003229
-0.00002591
0.00001596
0.00004188
-0.00000455
-0.00001129
-0.00002148
-0.00006523
-0.00002328
0.00007989
0.00005341
0.00014244
0.00012620
0.00005015
0.00003980
-0.00001635
-0.00009729
-0.00003466
0.00000511
0.00001067
0.00001558
0.00003180
0.00002605
0.00002686
0.00007962
0.00022000
0.00004616
0.00007133
0.00007013
-0.00004672
-0.00000009
-0.00002184
-0.00006655
0.00000133
-0.00005713
-0.00003040
-0.00002905
0.00000567
0.00002905
-0.00001955
-0.00003027
-0.00002235
-0.00004847
0.00002127
0.00009470
0.00006143
0.00012620
0.00016152
0.00007239
0.00004066
-0.00003016
-0.00010179
-0.00006278
-0.00003311
-0.00002904
-0.00001877
0.00000058
-0.00000185
-0.00000713
0.00000141
0.00001493
-0.00000737
0.00000058
0.00004857
-0.00003504
0.00001356
0.00002733
-0.00000366
0.00004067
-0.00001226
0.00000438
-0.00001879
-0.00002659
-0.00001319
-0.00003802
-0.00002273
0.00001640
-0.00003170
-0.00002222
0.00003840
0.00002612
0.00005015
0.00007239
0.00009354
0.00007657
0.00000626
-0.00005099
-0.00000023
-0.00004399
-0.00004130
-0.00003139
-0.00001496
-0.00001720
-0.00002107
-0.00001907
-0.00001256
-0.00003049
-0.00003188
0.00005056
-0.00003718
-0.00001436
-0.00003434
-0.00005340
-0.00001876
-0.00004741
-0.00002687
-0.00004232
-0.00005066
-0.00003804
-0.00006216
-0.00003701
-0.00001961
-0.00004735
-0.00003356
0.00003990
0.00003413
0.00003980
0.00004066
0.00007657
0.00009272
0.00001395
-0.00001635
-0.00000013
-0.00006688
-0.00006632
-0.00006566
-0.00006072
-0.00006032
-0.00005245
-0.00006393
-0.00010004
-0.00005598
-0.00007113
-0.00003797
-0.00003833
-0.00000909
0.00006773
0.00008201
0.00005175
0.00003849
0.00000754
0.00001972
0.00003297
0.00004282
0.00005005
0.00011586
0.00001270
0.00000205
-0.00003817
-0.00008745
-0.00006001
-0.00001635
-0.00003016
0.00000626
0.00001395
0.00011717
0.00002760
0.00007638
-0.00004985
-0.00005595
-0.00006122
-0.00007797
-0.00006823
-0.00005782
-0.00007992
-0.00007428
-0.00007690
-0.00005468
-0.00010675
0.00002320
-0.00006732
-0.00006842
-0.00002298
-0.00009848
-0.00001490
-0.00004426
-0.00002230
-0.00003015
-0.00004674
0.00000027
-0.00002213
-0.00005714
0.00000522
0.00001371
-0.00006903
-0.00003206
-0.00009729
-0.00010179
-0.00005099
-0.00001635
0.00002760
0.00015009
0.00010215
-0.00012475
-0.00012600
-0.00011081
-0.00009537
-0.00006813
-0.00010942
-0.00013393
0.00000723
-0.00020596
-0.00010092
-0.00011140
-0.00007036
-0.00007358
0.00006230
0.00008328
0.00000120
0.00000905
-0.00006549
-0.00001845
-0.00000398
0.00001899
0.00004390
0.00009372
-0.00002655
-0.00009775
-0.00008916
-0.00013123
-0.00007824
-0.00003466
-0.00006278
-0.00000023
-0.00000013
0.00007638
0.00010215
0.00040872
