35
0.00000036
0.00000012
0.00000072
0.00000078
0.00000060
0.00000054
0.00000054
0.00000072
0.00000024
-0.00000042
0.00000174
-0.00000018
0.00000060
0.00000048
0.00000048
0.00000054
0.00000000
0.00000168
0.00000012
-0.00000018
-0.00000012
-0.00000042
-0.00000384
0.00000030
-0.00000156
-0.00000270
0.00000096
0.00000048
0.00000216
0.00000060
0.00000078
0.00000096
-0.00000102
-0.00000054
-0.00000138
0.00000012
0.00000004
0.00000024
0.00000026
0.00000020
0.00000018
0.00000018
0.00000024
0.00000008
-0.00000014
0.00000058
-0.00000006
0.00000020
0.00000016
0.00000016
0.00000018
0.00000000
0.00000056
0.00000004
-0.00000006
-0.00000004
-0.00000014
-0.00000128
0.00000010
-0.00000052
-0.00000090
0.00000032
0.00000016
0.00000072
0.00000020
0.00000026
0.00000032
-0.00000034
-0.00000018
-0.00000046
0.00000072
0.00000024
0.00000144
0.00000156
0.00000120
0.00000108
0.00000108
0.00000144
0.00000048
-0.00000084
0.00000348
-0.00000036
0.00000120
0.00000096
0.00000096
0.00000108
0.00000000
0.00000336
0.00000024
-0.00000036
-0.00000024
-0.00000084
-0.00000768
0.00000060
-0.00000312
-0.00000540
0.00000192
0.00000096
0.00000432
0.00000120
0.00000156
0.00000192
-0.00000204
-0.00000108
-0.00000276
0.00000078
0.00000026
0.00000156
0.00000169
0.00000130
0.00000117
0.00000117
0.00000156
0.00000052
-0.00000091
0.00000377
-0.00000039
0.00000130
0.00000104
0.00000104
0.00000117
0.00000000
0.00000364
0.00000026
-0.00000039
-0.00000026
-0.00000091
-0.00000832
0.00000065
-0.00000338
-0.00000585
0.00000208
0.00000104
0.00000468
0.00000130
0.00000169
0.00000208
-0.00000221
-0.00000117
-0.00000299
0.00000060
0.00000020
0.00000120
0.00000130
0.00000100
0.00000090
0.00000090
0.00000120
0.00000040
-0.00000070
0.00000290
-0.00000030
0.00000100
0.00000080
0.00000080
0.00000090
0.00000000
0.00000280
0.00000020
-0.00000030
-0.00000020
-0.00000070
-0.00000640
0.00000050
-0.00000260
-0.00000450
0.00000160
0.00000080
0.00000360
0.00000100
0.00000130
0.00000160
-0.00000170
-0.00000090
-0.00000230
0.00000054
0.00000018
0.00000108
0.00000117
0.00000090
0.00000081
0.00000081
0.00000108
0.00000036
-0.00000063
0.00000261
-0.00000027
0.00000090
0.00000072
0.00000072
0.00000081
0.00000000
0.00000252
0.00000018
-0.00000027
-0.00000018
-0.00000063
-0.00000576
0.00000045
-0.00000234
-0.00000405
0.00000144
0.00000072
0.00000324
0.00000090
0.00000117
0.00000144
-0.00000153
-0.00000081
-0.00000207
0.00000054
0.00000018
0.00000108
0.00000117
0.00000090
0.00000081
0.00000081
0.00000108
0.00000036
-0.00000063
0.00000261
-0.00000027
0.00000090
0.00000072
0.00000072
0.00000081
0.00000000
0.00000252
0.00000018
-0.00000027
-0.00000018
-0.00000063
-0.00000576
0.00000045
-0.00000234
-0.00000405
0.00000144
0.00000072
0.00000324
0.00000090
0.00000117
0.00000144
-0.00000153
-0.00000081
-0.00000207
0.00000072
0.00000024
0.00000144
0.00000156
0.00000120
0.00000108
0.00000108
0.00000144
0.00000048
-0.00000084
0.00000348
-0.00000036
0.00000120
0.00000096
0.00000096
0.00000108
0.00000000
0.00000336
0.00000024
-0.00000036
-0.00000024
-0.00000084
-0.00000768
0.00000060
-0.00000312
-0.00000540
0.00000192
0.00000096
0.00000432
0.00000120
0.00000156
0.00000192
-0.00000204
-0.00000108
-0.00000276
0.00000024
0.00000008
0.00000048
0.00000052
0.00000040
0.00000036
0.00000036
0.00000048
0.00000016
-0.00000028
0.00000116
-0.00000012
0.00000040
0.00000032
0.00000032
0.00000036
0.00000000
0.00000112
0.00000008
-0.00000012
-0.00000008
-0.00000028
-0.00000256
0.00000020
-0.00000104
-0.00000180
0.00000064
0.00000032
0.00000144
0.00000040
0.00000052
0.00000064
-0.00000068
-0.00000036
-0.00000092
-0.00000042
-0.00000014
-0.00000084
-0.00000091
-0.00000070
-0.00000063
-0.00000063
-0.00000084
-0.00000028
0.00000049
-0.00000203
0.00000021
-0.00000070
-0.00000056
-0.00000056
-0.00000063
0.00000000
-0.00000196
-0.00000014
0.00000021
0.00000014
0.00000049
0.00000448
-0.00000035
0.00000182
0.00000315
-0.00000112
-0.00000056
-0.00000252
-0.00000070
-0.00000091
-0.00000112
0.00000119
0.00000063
0.00000161
0.00000174
0.00000058
0.00000348
0.00000377
0.00000290
0.00000261
0.00000261
0.00000348
0.00000116
-0.00000203
0.00000841
-0.00000087
0.00000290
0.00000232
0.00000232
0.00000261
0.00000000
0.00000812
0.00000058
-0.00000087
-0.00000058
-0.00000203
-0.00001856
0.00000145
-0.00000754
-0.00001305
0.00000464
0.00000232
0.00001044
0.00000290
0.00000377
0.00000464
-0.00000493
-0.00000261
-0.00000667
-0.00000018
-0.00000006
-0.00000036
-0.00000039
-0.00000030
-0.00000027
-0.00000027
-0.00000036
-0.00000012
0.00000021
-0.00000087
0.00000009
-0.00000030
-0.00000024
-0.00000024
-0.00000027
0.00000000
-0.00000084
-0.00000006
0.00000009
0.00000006
0.00000021
0.00000192
-0.00000015
0.00000078
0.00000135
-0.00000048
-0.00000024
-0.00000108
-0.00000030
-0.00000039
-0.00000048
0.00000051
0.00000027
0.00000069
0.00000060
0.00000020
0.00000120
0.00000130
0.00000100
0.00000090
0.00000090
0.00000120
0.00000040
-0.00000070
0.00000290
-0.00000030
0.00000100
0.00000080
0.00000080
0.00000090
0.00000000
0.00000280
0.00000020
-0.00000030
-0.00000020
-0.00000070
-0.00000640
0.00000050
-0.00000260
-0.00000450
0.00000160
0.00000080
0.00000360
0.00000100
0.00000130
0.00000160
-0.00000170
-0.00000090
-0.00000230
0.00000048
0.00000016
0.00000096
0.00000104
0.00000080
0.00000072
0.00000072
0.00000096
0.00000032
-0.00000056
0.00000232
-0.00000024
0.00000080
0.00000064
0.00000064
0.00000072
0.00000000
0.00000224
0.00000016
-0.00000024
-0.00000016
-0.00000056
-0.00000512
0.00000040
-0.00000208
-0.00000360
0.00000128
0.00000064
0.00000288
0.00000080
0.00000104
0.00000128
-0.00000136
-0.00000072
-0.00000184
0.00000048
0.00000016
0.00000096
0.00000104
0.00000080
0.00000072
0.00000072
0.00000096
0.00000032
-0.00000056
0.00000232
-0.00000024
0.00000080
0.00000064
0.00000064
0.00000072
0.00000000
0.00000224
0.00000016
-0.00000024
-0.00000016
-0.00000056
-0.00000512
0.00000040
-0.00000208
-0.00000360
0.00000128
0.00000064
0.00000288
0.00000080
0.00000104
0.00000128
-0.00000136
-0.00000072
-0.00000184
0.00000054
0.00000018
0.00000108
0.00000117
0.00000090
0.00000081
0.00000081
0.00000108
0.00000036
-0.00000063
0.00000261
-0.00000027
0.00000090
0.00000072
0.00000072
0.00000081
0.00000000
0.00000252
0.00000018
-0.00000027
-0.00000018
-0.00000063
-0.00000576
0.00000045
-0.00000234
-0.00000405
0.00000144
0.00000072
0.00000324
0.00000090
0.00000117
0.00000144
-0.00000153
-0.00000081
-0.00000207
0.00000000
0.00000000
0.00000000
0.00000000
0.00000000
0.00000000
0.00000000
0.00000000
0.00000000
0.00000000
0.00000000
0.00000000
0.00000000
0.00000000
0.00000000
0.00000000
0.00000000
0.00000000
0.00000000
0.00000000
0.00000000
0.00000000
0.00000000
0.00000000
0.00000000
0.00000000
0.00000000
0.00000000
0.00000000
0.00000000
0.00000000
0.00000000
0.00000000
0.00000000
0.00000000
0.00000168
0.00000056
0.00000336
0.00000364
0.00000280
0.00000252
0.00000252
0.00000336
0.00000112
-0.00000196
0.00000812
-0.00000084
0.00000280
0.00000224
0.00000224
0.00000252
0.00000000
0.00000784
0.00000056
-0.00000084
-0.00000056
-0.00000196
-0.00001792
0.00000140
-0.00000728
-0.00001260
0.00000448
0.00000224
0.00001008
0.00000280
0.00000364
0.00000448
-0.00000476
-0.00000252
-0.00000644
0.00000012
0.00000004
0.00000024
0.00000026
0.00000020
0.00000018
0.00000018
0.00000024
0.00000008
-0.00000014
0.00000058
-0.00000006
0.00000020
0.00000016
0.00000016
0.00000018
0.00000000
0.00000056
0.00000004
-0.00000006
-0.00000004
-0.00000014
-0.00000128
0.00000010
-0.00000052
-0.00000090
0.00000032
0.00000016
0.00000072
0.00000020
0.00000026
0.00000032
-0.00000034
-0.00000018
-0.00000046
-0.00000018
-0.00000006
-0.00000036
-0.00000039
-0.00000030
-0.00000027
-0.00000027
-0.00000036
-0.00000012
0.00000021
-0.00000087
0.00000009
-0.00000030
-0.00000024
-0.00000024
-0.00000027
0.00000000
-0.00000084
-0.00000006
0.00000009
0.00000006
0.00000021
0.00000192
-0.00000015
0.00000078
0.00000135
-0.00000048
-0.00000024
-0.00000108
-0.00000030
-0.00000039
-0.00000048
0.00000051
0.00000027
0.00000069
-0.00000012
-0.00000004
-0.00000024
-0.00000026
-0.00000020
-0.00000018
-0.00000018
-0.00000024
-0.00000008
0.00000014
-0.00000058
0.00000006
-0.00000020
-0.00000016
-0.00000016
-0.00000018
0.00000000
-0.00000056
-0.00000004
0.00000006
0.00000004
0.00000014
0.00000128
-0.00000010
0.00000052
0.00000090
-0.00000032
-0.00000016
-0.00000072
-0.00000020
-0.00000026
-0.00000032
0.00000034
0.00000018
0.00000046
-0.00000042
-0.00000014
-0.00000084
-0.00000091
-0.00000070
-0.00000063
-0.00000063
-0.00000084
-0.00000028
0.00000049
-0.00000203
0.00000021
-0.00000070
-0.00000056
-0.00000056
-0.00000063
0.00000000
-0.00000196
-0.00000014
0.00000021
0.00000014
0.00000049
0.00000448
-0.00000035
0.00000182
0.00000315
-0.00000112
-0.00000056
-0.00000252
-0.00000070
-0.00000091
-0.00000112
0.00000119
0.00000063
0.00000161
-0.00000384
-0.00000128
-0.00000768
-0.00000832
-0.00000640
-0.00000576
-0.00000576
-0.00000768
-0.00000256
0.00000448
-0.00001856
0.00000192
-0.00000640
-0.00000512
-0.00000512
-0.00000576
0.00000000
-0.00001792
-0.00000128
0.00000192
0.00000128
0.00000448
0.00004096
-0.00000320
0.00001664
0.00002880
-0.00001024
-0.00000512
-0.00002304
-0.00000640
-0.00000832
-0.00001024
0.00001088
0.00000576
0.00001472
0.00000030
0.00000010
0.00000060
0.00000065
0.00000050
0.00000045
0.00000045
0.00000060
0.00000020
-0.00000035
0.00000145
-0.00000015
0.00000050
0.00000040
0.00000040
0.00000045
0.00000000
0.00000140
0.00000010
-0.00000015
-0.00000010
-0.00000035
-0.00000320
0.00000025
-0.00000130
-0.00000225
0.00000080
0.00000040
0.00000180
0.00000050
0.00000065
0.00000080
-0.00000085
-0.00000045
-0.00000115
-0.00000156
-0.00000052
-0.00000312
-0.00000338
-0.00000260
-0.00000234
-0.00000234
-0.00000312
-0.00000104
0.00000182
-0.00000754
0.00000078
-0.00000260
-0.00000208
-0.00000208
-0.00000234
0.00000000
-0.00000728
-0.00000052
0.00000078
0.00000052
0.00000182
0.00001664
-0.00000130
0.00000676
0.00001170
-0.00000416
-0.00000208
-0.00000936
-0.00000260
-0.00000338
-0.00000416
0.00000442
0.00000234
0.00000598
-0.00000270
-0.00000090
-0.00000540
-0.00000585
-0.00000450
-0.00000405
-0.00000405
-0.00000540
-0.00000180
0.00000315
-0.00001305
0.00000135
-0.00000450
-0.00000360
-0.00000360
-0.00000405
0.00000000
-0.00001260
-0.00000090
0.00000135
0.00000090
0.00000315
0.00002880
-0.00000225
0.00001170
0.00002025
-0.00000720
-0.00000360
-0.00001620
-0.00000450
-0.00000585
-0.00000720
0.00000765
0.00000405
0.00001035
0.00000096
0.00000032
0.00000192
0.00000208
0.00000160
0.00000144
0.00000144
0.00000192
0.00000064
-0.00000112
0.00000464
-0.00000048
0.00000160
0.00000128
0.00000128
0.00000144
0.00000000
0.00000448
0.00000032
-0.00000048
-0.00000032
-0.00000112
-0.00001024
0.00000080
-0.00000416
-0.00000720
0.00000256
0.00000128
0.00000576
0.00000160
0.00000208
0.00000256
-0.00000272
-0.00000144
-0.00000368
0.00000048
0.00000016
0.00000096
0.00000104
0.00000080
0.00000072
0.00000072
0.00000096
0.00000032
-0.00000056
0.00000232
-0.00000024
0.00000080
0.00000064
0.00000064
0.00000072
0.00000000
0.00000224
0.00000016
-0.00000024
-0.00000016
-0.00000056
-0.00000512
0.00000040
-0.00000208
-0.00000360
0.00000128
0.00000064
0.00000288
0.00000080
0.00000104
0.00000128
-0.00000136
-0.00000072
-0.00000184
0.00000216
0.00000072
0.00000432
0.00000468
0.00000360
0.00000324
0.00000324
0.00000432
0.00000144
-0.00000252
0.00001044
-0.00000108
0.00000360
0.00000288
0.00000288
0.00000324
0.00000000
0.00001008
0.00000072
-0.00000108
-0.00000072
-0.00000252
-0.00002304
0.00000180
-0.00000936
-0.00001620
0.00000576
0.00000288
0.00001296
0.00000360
0.00000468
0.00000576
-0.00000612
-0.00000324
-0.00000828
0.00000060
0.00000020
0.00000120
0.00000130
0.00000100
0.00000090
0.00000090
0.00000120
0.00000040
-0.00000070
0.00000290
-0.00000030
0.00000100
0.00000080
0.00000080
0.00000090
0.00000000
0.00000280
0.00000020
-0.00000030
-0.00000020
-0.00000070
-0.00000640
0.00000050
-0.00000260
-0.00000450
0.00000160
0.00000080
0.00000360
0.00000100
0.00000130
0.00000160
-0.00000170
-0.00000090
-0.00000230
0.00000078
0.00000026
0.00000156
0.00000169
0.00000130
0.00000117
0.00000117
0.00000156
0.00000052
-0.00000091
0.00000377
-0.00000039
0.00000130
0.00000104
0.00000104
0.00000117
0.00000000
0.00000364
0.00000026
-0.00000039
-0.00000026
-0.00000091
-0.00000832
0.00000065
-0.00000338
-0.00000585
0.00000208
0.00000104
0.00000468
0.00000130
0.00000169
0.00000208
-0.00000221
-0.00000117
-0.00000299
0.00000096
0.00000032
0.00000192
0.00000208
0.00000160
0.00000144
0.00000144
0.00000192
0.00000064
-0.00000112
0.00000464
-0.00000048
0.00000160
0.00000128
0.00000128
0.00000144
0.00000000
0.00000448
0.00000032
-0.00000048
-0.00000032
-0.00000112
-0.00001024
0.00000080
-0.00000416
-0.00000720
0.00000256
0.00000128
0.00000576
0.00000160
0.00000208
0.00000256
-0.00000272
-0.00000144
-0.00000368
-0.00000102
-0.00000034
-0.00000204
-0.00000221
-0.00000170
-0.00000153
-0.00000153
-0.00000204
-0.00000068
0.00000119
-0.00000493
0.00000051
-0.00000170
-0.00000136
-0.00000136
-0.00000153
0.00000000
-0.00000476
-0.00000034
0.00000051
0.00000034
0.00000119
0.00001088
-0.00000085
0.00000442
0.00000765
-0.00000272
-0.00000136
-0.00000612
-0.00000170
-0.00000221
-0.00000272
0.00000289
0.00000153
0.00000391
-0.00000054
-0.00000018
-0.00000108
-0.00000117
-0.00000090
-0.00000081
-0.00000081
-0.00000108
-0.00000036
0.00000063
-0.00000261
0.00000027
-0.00000090
-0.00000072
-0.00000072
-0.00000081
0.00000000
-0.00000252
-0.00000018
0.00000027
0.00000018
0.00000063
0.00000576
-0.00000045
0.00000234
0.00000405
-0.00000144
-0.00000072
-0.00000324
-0.00000090
-0.00000117
-0.00000144
0.00000153
0.00000081
0.00000207
-0.00000138
-0.00000046
-0.00000276
-0.00000299
-0.00000230
-0.00000207
-0.00000207
-0.00000276
-0.00000092
0.00000161
-0.00000667
0.00000069
-0.00000230
-0.00000184
-0.00000184
-0.00000207
0.00000000
-0.00000644
-0.00000046
0.00000069
0.00000046
0.00000161
0.00001472
-0.00000115
0.00000598
0.00001035
-0.00000368
-0.00000184
-0.00000828
-0.00000230
-0.00000299
-0.00000368
0.00000391
0.00000207
0.00000529
