35
0.00006753
0.00006679
0.00006454
0.00005817
0.00005831
0.00004892
0.00004858
0.00003568
0.00005295
0.00004875
0.00001967
0.00003457
0.00003609
0.00001773
0.00002062
0.00002053
0.00002170
0.00003061
0.00001848
0.00001957
0.00001492
0.00001753
-0.00002501
0.00002812
0.00001295
-0.00000255
0.00001437
-0.00000148
0.00000259
-0.00000356
-0.00002870
-0.00004367
-0.00005357
-0.00004774
-0.00005808
0.00006679
0.00006695
0.00006495
0.00006120
0.00006073
0.00005092
0.00005004
0.00002994
0.00005599
0.00004823
0.00002867
0.00003082
0.00004109
0.00002211
0.00001955
0.00002879
0.00002122
0.00003181
0.00001947
0.00001867
0.00001490
0.00001260
-0.00002164
0.00003061
0.00001451
-0.00000172
0.00001905
0.00000132
0.00000598
0.00000115
-0.00002479
-0.00004103
-0.00005350
-0.00005327
-0.00005916
0.00006454
0.00006495
0.00006394
0.00006114
0.00006032
0.00005010
0.00005005
0.00002702
0.00005682
0.00004781
0.00003252
0.00002852
0.00004255
0.00002381
0.00001892
0.00003202
0.00002052
0.00003201
0.00001933
0.00001774
0.00001443
0.00001031
-0.00001967
0.00003355
0.00001276
-0.00000465
0.00002181
0.00000345
0.00001104
0.00000558
-0.00001832
-0.00003497
-0.00005221
-0.00005789
-0.00006062
0.00005817
0.00006120
0.00006114
0.00006686
0.00006391
0.00005289
0.00005073
0.00000544
0.00006177
0.00004250
0.00005861
0.00001277
0.00005460
0.00003536
0.00001382
0.00005545
0.00001700
0.00003457
0.00001999
0.00001209
0.00001212
-0.00000776
-0.00000923
0.00003934
0.00001481
-0.00000439
0.00003505
0.00001195
0.00002117
0.00002026
-0.00000308
-0.00002231
-0.00004847
-0.00007271
-0.00006084
0.00005831
0.00006073
0.00006032
0.00006391
0.00006211
0.00005213
0.00005058
0.00001294
0.00006165
0.00004592
0.00005055
0.00001818
0.00005156
0.00003105
0.00001442
0.00004752
0.00001669
0.00003213
0.00001879
0.00001363
0.00001252
-0.00000261
-0.00001478
0.00003534
0.00001401
-0.00000409
0.00003008
0.00000867
0.00001765
0.00001683
-0.00000683
-0.00002587
-0.00004880
-0.00006565
-0.00006016
0.00004892
0.00005092
0.00005010
0.00005289
0.00005213
0.00004530
0.00004305
0.00001417
0.00005317
0.00004117
0.00003915
0.00001814
0.00004271
0.00002426
0.00001202
0.00003654
0.00001341
0.00002559
0.00001366
0.00001000
0.00000915
-0.00000209
-0.00001835
0.00002520
0.00001132
-0.00000227
0.00002271
0.00000520
0.00001088
0.00001273
-0.00000589
-0.00002242
-0.00004098
-0.00005166
-0.00005169
0.00004858
0.00005004
0.00005005
0.00005073
0.00005058
0.00004305
0.00004592
0.00003058
0.00005410
0.00005011
0.00004071
0.00003195
0.00004790
0.00003066
0.00002021
0.00003824
0.00001979
0.00002728
0.00001695
0.00001622
0.00001235
0.00000624
-0.00002271
0.00002936
0.00000867
-0.00000510
0.00001994
0.00000455
0.00001209
0.00001409
-0.00000373
-0.00002203
-0.00004498
-0.00004944
-0.00004957
0.00003568
0.00002994
0.00002702
0.00000544
0.00001294
0.00001417
0.00003058
0.00012069
0.00001918
0.00006738
-0.00002849
0.00009847
0.00001784
0.00001669
0.00005129
-0.00002448
0.00003979
0.00001408
0.00001279
0.00003165
0.00001414
0.00005984
-0.00006401
-0.00000006
-0.00000877
-0.00000481
-0.00003629
-0.00002405
-0.00003373
-0.00002762
-0.00003115
-0.00004225
-0.00004628
0.00002927
-0.00000799
0.00005295
0.00005599
0.00005682
0.00006177
0.00006165
0.00005317
0.00005410
0.00001918
0.00007174
0.00005885
0.00005285
0.00002278
0.00005771
0.00003046
0.00001220
0.00004786
0.00001261
0.00002788
0.00001641
0.00001490
0.00001212
-0.00000277
-0.00002609
0.00003358
0.00001139
-0.00000687
0.00003026
0.00000816
0.00002299
0.00002694
0.00000336
-0.00002010
-0.00004805
-0.00006395
-0.00006397
0.00004875
0.00004823
0.00004781
0.00004250
0.00004592
0.00004117
0.00005011
0.00006738
0.00005885
0.00011649
-0.00000707
0.00007120
0.00005851
0.00003953
0.00002923
0.00003764
0.00003961
0.00004690
0.00003220
0.00005230
0.00003698
0.00004414
-0.00003678
0.00003761
0.00004962
0.00005209
0.00003658
0.00001814
0.00002064
0.00004042
-0.00000005
-0.00003620
-0.00005031
-0.00004886
-0.00007988
0.00001967
0.00002867
0.00003252
0.00005861
0.00005055
0.00003915
0.00004071
-0.00002849
0.00005285
-0.00000707
0.00018115
-0.00001003
0.00008994
0.00007096
0.00001519
0.00010107
0.00000184
0.00001589
0.00000914
-0.00001456
-0.00000541
-0.00006109
0.00000957
0.00003145
-0.00004297
-0.00007821
0.00002557
0.00000813
0.00003228
0.00001997
0.00003404
0.00003371
-0.00001831
-0.00007534
-0.00000986
0.00003457
0.00003082
0.00002852
0.00001277
0.00001818
0.00001814
0.00003195
0.00009847
0.00002278
0.00007120
-0.00001003
0.00010264
0.00003510
0.00002268
0.00004248
-0.00000530
0.00003992
0.00001702
0.00001559
0.00004386
0.00002987
0.00006288
-0.00004848
0.00000319
0.00000951
0.00001297
-0.00001170
-0.00001084
-0.00001441
-0.00001184
-0.00002378
-0.00003435
-0.00003055
0.00000219
-0.00003711
0.00003609
0.00004109
0.00004255
0.00005460
0.00005156
0.00004271
0.00004790
0.00001784
0.00005771
0.00005851
0.00008994
0.00003510
0.00008164
0.00006467
0.00002512
0.00008218
0.00002734
0.00003646
0.00002635
0.00002445
0.00002128
-0.00000504
-0.00000682
0.00004095
0.00001629
0.00000318
0.00004116
0.00001955
0.00002914
0.00003663
0.00001790
-0.00000490
-0.00003627
-0.00007010
-0.00004941
0.00001773
0.00002211
0.00002381
0.00003536
0.00003105
0.00002426
0.00003066
0.00001669
0.00003046
0.00003953
0.00007096
0.00002268
0.00006467
0.00008465
0.00003804
0.00008875
0.00004015
0.00004299
0.00003397
0.00001366
0.00000986
-0.00001145
0.00001214
0.00005118
0.00002338
0.00002569
0.00003932
0.00002626
0.00001585
0.00003456
0.00002875
0.00000110
-0.00003493
-0.00005394
-0.00001086
0.00002062
0.00001955
0.00001892
0.00001382
0.00001442
0.00001202
0.00002021
0.00005129
0.00001220
0.00002923
0.00001519
0.00004248
0.00002512
0.00003804
0.00003716
0.00002152
0.00003159
0.00002094
0.00001607
0.00001069
0.00000378
0.00001551
-0.00001884
0.00002003
-0.00000103
0.00000155
-0.00000348
-0.00000166
-0.00001268
-0.00000493
-0.00000225
-0.00001399
-0.00003224
-0.00000633
0.00000175
0.00002053
0.00002879
0.00003202
0.00005545
0.00004752
0.00003654
0.00003824
-0.00002448
0.00004786
0.00003764
0.00010107
-0.00000530
0.00008218
0.00008875
0.00002152
0.00012362
0.00003155
0.00004849
0.00003562
0.00001143
0.00001264
-0.00003361
0.00003018
0.00006463
0.00003648
0.00003213
0.00006988
0.00004264
0.00004051
0.00006300
0.00004493
0.00001170
-0.00003505
-0.00009065
-0.00003067
0.00002170
0.00002122
0.00002052
0.00001700
0.00001669
0.00001341
0.00001979
0.00003979
0.00001261
0.00003961
0.00000184
0.00003992
0.00002734
0.00004015
0.00003159
0.00003155
0.00003610
0.00002928
0.00002463
0.00002343
0.00001604
0.00002324
-0.00000082
0.00002788
0.00002627
0.00003394
0.00001593
0.00001185
-0.00000079
0.00000963
-0.00000232
-0.00001955
-0.00002937
-0.00002030
-0.00001472
0.00003061
0.00003181
0.00003201
0.00003457
0.00003213
0.00002559
0.00002728
0.00001408
0.00002788
0.00004690
0.00001589
0.00001702
0.00003646
0.00004299
0.00002094
0.00004849
0.00002928
0.00004259
0.00002574
0.00001914
0.00001515
0.00000581
0.00000208
0.00004173
0.00003354
0.00003336
0.00003694
0.00002277
0.00001804
0.00003071
0.00001191
-0.00001083
-0.00003513
-0.00005159
-0.00004170
0.00001848
0.00001947
0.00001933
0.00001999
0.00001879
0.00001366
0.00001695
0.00001279
0.00001641
0.00003220
0.00000914
0.00001559
0.00002635
0.00003397
0.00001607
0.00003562
0.00002463
0.00002574
0.00003105
0.00002925
0.00002306
0.00001706
0.00002979
0.00002972
0.00003696
0.00004086
0.00002465
0.00001859
0.00001429
0.00001404
-0.00001170
-0.00002557
-0.00001995
-0.00002596
-0.00001430
0.00001957
0.00001867
0.00001774
0.00001209
0.00001363
0.00001000
0.00001622
0.00003165
0.00001490
0.00005230
-0.00001456
0.00004386
0.00002445
0.00001366
0.00001069
0.00001143
0.00002343
0.00001914
0.00002925
0.00005473
0.00004479
0.00005006
0.00002374
0.00001541
0.00004534
0.00004802
0.00001955
0.00001550
0.00002139
0.00001197
-0.00002806
-0.00003546
-0.00000965
-0.00001628
-0.00003670
0.00001492
0.00001490
0.00001443
0.00001212
0.00001252
0.00000915
0.00001235
0.00001414
0.00001212
0.00003698
-0.00000541
0.00002987
0.00002128
0.00000986
0.00000378
0.00001264
0.00001604
0.00001515
0.00002306
0.00004479
0.00003963
0.00003847
0.00002821
0.00001288
0.00003951
0.00003890
0.00002162
0.00001645
0.00002502
0.00001337
-0.00002068
-0.00002411
-0.00000277
-0.00002139
-0.00003728
0.00001753
0.00001260
0.00001031
-0.00000776
-0.00000261
-0.00000209
0.00000624
0.00005984
-0.00000277
0.00004414
-0.00006109
0.00006288
-0.00000504
-0.00001145
0.00001551
-0.00003361
0.00002324
0.00000581
0.00001706
0.00005006
0.00003847
0.00007197
-0.00000112
-0.00000256
0.00003309
0.00004094
-0.00000761
-0.00000154
-0.00000105
-0.00001259
-0.00004129
-0.00004243
-0.00000761
0.00001772
-0.00002591
-0.00002501
-0.00002164
-0.00001967
-0.00000923
-0.00001478
-0.00001835
-0.00002271
-0.00006401
-0.00002609
-0.00003678
0.00000957
-0.00004848
-0.00000682
0.00001214
-0.00001884
0.00003018
-0.00000082
0.00000208
0.00002979
0.00002374
0.00002821
-0.00000112
0.00012372
0.00001705
0.00004667
0.00005258
0.00003194
0.00003481
0.00003819
0.00001146
-0.00001508
-0.00000355
0.00003369
-0.00001626
0.00002033
0.00002812
0.00003061
0.00003355
0.00003934
0.00003534
0.00002520
0.00002936
-0.00000006
0.00003358
0.00003761
0.00003145
0.00000319
0.00004095
0.00005118
0.00002003
0.00006463
0.00002788
0.00004173
0.00002972
0.00001541
0.00001288
-0.00000256
0.00001705
0.00005841
0.00003253
0.00002868
0.00004844
0.00003038
0.00003253
0.00004185
0.00002359
-0.00000209
-0.00003707
-0.00006658
-0.00003776
0.00001295
0.00001451
0.00001276
0.00001481
0.00001401
0.00001132
0.00000867
-0.00000877
0.00001139
0.00004962
-0.00004297
0.00000951
0.00001629
0.00002338
-0.00000103
0.00003648
0.00002627
0.00003354
0.00003696
0.00004534
0.00003951
0.00003309
0.00004667
0.00003253
0.00009375
0.00011445
0.00005574
0.00003908
0.00002483
0.00004103
-0.00001092
-0.00003735
-0.00000888
-0.00003415
-0.00004539
-0.00000255
-0.00000172
-0.00000465
-0.00000439
-0.00000409
-0.00000227
-0.00000510
-0.00000481
-0.00000687
0.00005209
-0.00007821
0.00001297
0.00000318
0.00002569
0.00000155
0.00003213
0.00003394
0.00003336
0.00004086
0.00004802
0.00003890
0.00004094
0.00005258
0.00002868
0.00011445
0.00015526
0.00005727
0.00004380
0.00001090
0.00004259
-0.00001023
-0.00004251
-0.00000040
-0.00001389
-0.00002863
0.00001437
0.00001905
0.00002181
0.00003505
0.00003008
0.00002271
0.00001994
-0.00003629
0.00003026
0.00003658
0.00002557
-0.00001170
0.00004116
0.00003932
-0.00000348
0.00006988
0.00001593
0.00003694
0.00002465
0.00001955
0.00002162
-0.00000761
0.00003194
0.00004844
0.00005574
0.00005727
0.00007031
0.00004309
0.00004768
0.00006136
0.00003362
0.00000854
-0.00001199
-0.00007852
-0.00005978
-0.00000148
0.00000132
0.00000345
0.00001195
0.00000867
0.00000520
0.00000455
-0.00002405
0.00000816
0.00001814
0.00000813
-0.00001084
0.00001955
0.00002626
-0.00000166
0.00004264
0.00001185
0.00002277
0.00001859
0.00001550
0.00001645
-0.00000154
0.00003481
0.00003038
0.00003908
0.00004380
0.00004309
0.00003128
0.00003229
0.00004015
0.00002275
0.00000918
-0.00000142
-0.00004208
-0.00002690
0.00000259
0.00000598
0.00001104
0.00002117
0.00001765
0.00001088
0.00001209
-0.00003373
0.00002299
0.00002064
0.00003228
-0.00001441
0.00002914
0.00001585
-0.00001268
0.00004051
-0.00000079
0.00001804
0.00001429
0.00002139
0.00002502
-0.00000105
0.00003819
0.00003253
0.00002483
0.00001090
0.00004768
0.00003229
0.00006104
0.00004908
0.00002942
0.00002341
0.00000386
-0.00006337
-0.00005190
-0.00000356
0.00000115
0.00000558
0.00002026
0.00001683
0.00001273
0.00001409
-0.00002762
0.00002694
0.00004042
0.00001997
-0.00001184
0.00003663
0.00003456
-0.00000493
0.00006300
0.00000963
0.00003071
0.00001404
0.00001197
0.00001337
-0.00001259
0.00001146
0.00004185
0.00004103
0.00004259
0.00006136
0.00004015
0.00004908
0.00007401
0.00005660
0.00002976
-0.00000896
-0.00006448
-0.00005023
-0.00002870
-0.00002479
-0.00001832
-0.00000308
-0.00000683
-0.00000589
-0.00000373
-0.00003115
0.00000336
-0.00000005
0.00003404
-0.00002378
0.00001790
0.00002875
-0.00000225
0.00004493
-0.00000232
0.00001191
-0.00001170
-0.00002806
-0.00002068
-0.00004129
-0.00001508
0.00002359
-0.00001092
-0.00001023
0.00003362
0.00002275
0.00002942
0.00005660
0.00008653
0.00007161
0.00000750
-0.00004211
-0.00001445
-0.00004367
-0.00004103
-0.00003497
-0.00002231
-0.00002587
-0.00002242
-0.00002203
-0.00004225
-0.00002010
-0.00003620
0.00003371
-0.00003435
-0.00000490
0.00000110
-0.00001399
0.00001170
-0.00001955
-0.00001083
-0.00002557
-0.00003546
-0.00002411
-0.00004243
-0.00000355
-0.00000209
-0.00003735
-0.00004251
0.00000854
0.00000918
0.00002341
0.00002976
0.00007161
0.00008167
0.00003300
-0.00001657
0.00000503
-0.00005357
-0.00005350
-0.00005221
-0.00004847
-0.00004880
-0.00004098
-0.00004498
-0.00004628
-0.00004805
-0.00005031
-0.00001831
-0.00003055
-0.00003627
-0.00003493
-0.00003224
-0.00003505
-0.00002937
-0.00003513
-0.00001995
-0.00000965
-0.00000277
-0.00000761
0.00003369
-0.00003707
-0.00000888
-0.00000040
-0.00001199
-0.00000142
0.00000386
-0.00000896
0.00000750
0.00003300
0.00006532
0.00003590
0.00002799
-0.00004774
-0.00005327
-0.00005789
-0.00007271
-0.00006565
-0.00005166
-0.00004944
0.00002927
-0.00006395
-0.00004886
-0.00007534
0.00000219
-0.00007010
-0.00005394
-0.00000633
-0.00009065
-0.00002030
-0.00005159
-0.00002596
-0.00001628
-0.00002139
0.00001772
-0.00001626
-0.00006658
-0.00003415
-0.00001389
-0.00007852
-0.00004208
-0.00006337
-0.00006448
-0.00004211
-0.00001657
0.00003590
0.00012528
0.00009877
-0.00005808
-0.00005916
-0.00006062
-0.00006084
-0.00006016
-0.00005169
-0.00004957
-0.00000799
-0.00006397
-0.00007988
-0.00000986
-0.00003711
-0.00004941
-0.00001086
0.00000175
-0.00003067
-0.00001472
-0.00004170
-0.00001430
-0.00003670
-0.00003728
-0.00002591
0.00002033
-0.00003776
-0.00004539
-0.00002863
-0.00005978
-0.00002690
-0.00005190
-0.00005023
-0.00001445
0.00000503
0.00002799
0.00009877
0.00014170
